{"sample_index": 0, "image_path": "/home/laptop4080/project/RO002/phase7_eye_to_hand/outputs/captures/raw_0000.jpg", "R_gripper2base": [[0.18692480316496204, -0.514078150177689, 0.8371276924529651], [-0.4321646596033145, -0.8082924994850712, -0.3998711570820381], [0.8822090596631231, -0.2870311669245382, -0.37325632514700463]], "t_gripper2base": [0.28774, -0.19895, 0.75233]}
{"sample_index": 1, "image_path": "/home/laptop4080/project/RO002/phase7_eye_to_hand/outputs/captures/raw_0001.jpg", "R_gripper2base": [[0.18692480316496204, -0.514078150177689, 0.8371276924529651], [-0.4321646596033145, -0.8082924994850712, -0.3998711570820381], [0.8822090596631231, -0.2870311669245382, -0.37325632514700463]], "t_gripper2base": [0.28775, -0.14518999999999999, 0.75233]}
{"sample_index": 2, "image_path": "/home/laptop4080/project/RO002/phase7_eye_to_hand/outputs/captures/raw_0002.jpg", "R_gripper2base": [[0.18692480316496204, -0.514078150177689, 0.8371276924529651], [-0.4321646596033145, -0.8082924994850712, -0.3998711570820381], [0.8822090596631231, -0.2870311669245382, -0.37325632514700463]], "t_gripper2base": [0.40304, -0.14518999999999999, 0.75233]}
{"sample_index": 3, "image_path": "/home/laptop4080/project/RO002/phase7_eye_to_hand/outputs/captures/raw_0003.jpg", "R_gripper2base": [[0.18692480316496204, -0.514078150177689, 0.8371276924529651], [-0.4321646596033145, -0.8082924994850712, -0.3998711570820381], [0.8822090596631231, -0.2870311669245382, -0.37325632514700463]], "t_gripper2base": [0.40304, -0.27119, 0.75234]}
{"sample_index": 4, "image_path": "/home/laptop4080/project/RO002/phase7_eye_to_hand/outputs/captures/raw_0004.jpg", "R_gripper2base": [[0.40549597935848525, -0.5141354759024338, 0.7558027012009688], [-0.5238941789657129, -0.808273528281562, -0.2687541492240018], [0.749071358396478, -0.2869819086595064, -0.5971042489651218]], "t_gripper2base": [0.40304, -0.27119, 0.7523200000000001]}
{"sample_index": 5, "image_path": "/home/laptop4080/project/RO002/phase7_eye_to_hand/outputs/captures/raw_0005.jpg", "R_gripper2base": [[0.40558740996551407, -0.5139943977291667, 0.7558495961370209], [-0.5238233985872734, -0.8083632495389546, -0.26862223267499746], [0.7490713583964779, -0.2869819086595064, -0.5971042489651219]], "t_gripper2base": [0.40304, -0.40818, 0.75233]}
{"sample_index": 6, "image_path": "/home/laptop4080/project/RO002/phase7_eye_to_hand/outputs/captures/raw_0006.jpg", "R_gripper2base": [[0.40558740996551407, -0.5139943977291667, 0.7558495961370209], [-0.5238233985872734, -0.8083632495389546, -0.26862223267499746], [0.7490713583964779, -0.2869819086595064, -0.5971042489651219]], "t_gripper2base": [0.47387999999999997, -0.40818, 0.75233]}
{"sample_index": 7, "image_path": "/home/laptop4080/project/RO002/phase7_eye_to_hand/outputs/captures/raw_0007.jpg", "R_gripper2base": [[0.40549597935848525, -0.5141354759024338, 0.7558027012009688], [-0.5238941789657129, -0.808273528281562, -0.2687541492240018], [0.749071358396478, -0.2869819086595064, -0.5971042489651218]], "t_gripper2base": [0.27626, -0.40817000000000003, 0.75233]}
{"sample_index": 8, "image_path": "/home/laptop4080/project/RO002/phase7_eye_to_hand/outputs/captures/raw_0008.jpg", "R_gripper2base": [[0.40558740996551407, -0.5139943977291667, 0.7558495961370209], [-0.5238233985872734, -0.8083632495389546, -0.26862223267499746], [0.7490713583964779, -0.2869819086595064, -0.5971042489651219]], "t_gripper2base": [0.27626999999999996, -0.40818, 0.86524]}
{"sample_index": 9, "image_path": "/home/laptop4080/project/RO002/phase7_eye_to_hand/outputs/captures/raw_0009.jpg", "R_gripper2base": [[0.40558740996551407, -0.5139943977291667, 0.7558495961370209], [-0.5238233985872734, -0.8083632495389546, -0.26862223267499746], [0.7490713583964779, -0.2869819086595064, -0.5971042489651219]], "t_gripper2base": [0.27626, -0.25403, 0.86524]}
{"sample_index": 10, "image_path": "/home/laptop4080/project/RO002/phase7_eye_to_hand/outputs/captures/raw_0010.jpg", "R_gripper2base": [[0.680043411779971, -0.5140831709503366, 0.5227422418748116], [-0.5880341217656913, -0.8082828633950048, -0.02991127515209807], [0.4379004792574554, -0.2870493095055611, -0.8519658820507261]], "t_gripper2base": [0.27626999999999996, -0.25404, 0.86524]}
{"sample_index": 11, "image_path": "/home/laptop4080/project/RO002/phase7_eye_to_hand/outputs/captures/raw_0011.jpg", "R_gripper2base": [[0.680043411779971, -0.5140831709503366, 0.5227422418748116], [-0.5880341217656913, -0.8082828633950048, -0.02991127515209807], [0.4379004792574554, -0.2870493095055611, -0.8519658820507261]], "t_gripper2base": [0.27626999999999996, -0.25404, 0.7117899999999999]}
{"sample_index": 12, "image_path": "/home/laptop4080/project/RO002/phase7_eye_to_hand/outputs/captures/raw_0012.jpg", "R_gripper2base": [[0.680043411779971, -0.5140831709503366, 0.5227422418748116], [-0.5880341217656913, -0.8082828633950048, -0.02991127515209807], [0.4379004792574554, -0.2870493095055611, -0.8519658820507261]], "t_gripper2base": [0.43733999999999995, -0.25404, 0.7118]}
{"sample_index": 13, "image_path": "/home/laptop4080/project/RO002/phase7_eye_to_hand/outputs/captures/raw_0013.jpg", "R_gripper2base": [[0.680043411779971, -0.5141743988525386, 0.5226525094738257], [-0.5880341217656911, -0.8082776305818304, -0.030052346668344], [0.43790047925745534, -0.2869006090367406, -0.8520159686299535]], "t_gripper2base": [0.43733, -0.12432, 0.7118]}
{"sample_index": 14, "image_path": "/home/laptop4080/project/RO002/phase7_eye_to_hand/outputs/captures/raw_0014.jpg", "R_gripper2base": [[0.680043411779971, -0.5140831709503366, 0.5227422418748116], [-0.5880341217656913, -0.8082828633950048, -0.02991127515209807], [0.4379004792574554, -0.2870493095055611, -0.8519658820507261]], "t_gripper2base": [0.55074, -0.12433, 0.7118]}
{"sample_index": 15, "image_path": "/home/laptop4080/project/RO002/phase7_eye_to_hand/outputs/captures/raw_0015.jpg", "R_gripper2base": [[0.4124145156572298, -0.7460931532722124, 0.5227420720733494], [-0.8658113952486517, -0.49948132694888264, -0.029816637754212755], [0.283345893093221, -0.44029922855906733, -0.8519693035535345]], "t_gripper2base": [0.55073, -0.12433, 0.7118099999999999]}
{"sample_index": 16, "image_path": "/home/laptop4080/project/RO002/phase7_eye_to_hand/outputs/captures/raw_0016.jpg", "R_gripper2base": [[0.4124145156572298, -0.7460931532722124, 0.5227420720733494], [-0.8658113952486517, -0.49948132694888264, -0.029816637754212755], [0.283345893093221, -0.44029922855906733, -0.8519693035535345]], "t_gripper2base": [0.55074, -0.2749, 0.7118099999999999]}
{"sample_index": 17, "image_path": "/home/laptop4080/project/RO002/phase7_eye_to_hand/outputs/captures/raw_0017.jpg", "R_gripper2base": [[0.4123932426040117, -0.7460601070837488, 0.5228060157197251], [-0.8657667352010813, -0.49955070318433276, -0.029950879240833284], [0.2835132689554566, -0.44027651716418326, -0.8519253575049678]], "t_gripper2base": [0.47184, -0.2749, 0.7118]}
{"sample_index": 18, "image_path": "/home/laptop4080/project/RO002/phase7_eye_to_hand/outputs/captures/raw_0018.jpg", "R_gripper2base": [[0.4123932426040117, -0.7460601070837488, 0.5228060157197251], [-0.8657667352010813, -0.49955070318433276, -0.029950879240833284], [0.2835132689554566, -0.44027651716418326, -0.8519253575049678]], "t_gripper2base": [0.47185000000000005, -0.4114, 0.7118]}
{"sample_index": 19, "image_path": "/home/laptop4080/project/RO002/phase7_eye_to_hand/outputs/captures/raw_0019.jpg", "R_gripper2base": [[0.4123932426040117, -0.7460601070837488, 0.5228060157197251], [-0.8657667352010813, -0.49955070318433276, -0.029950879240833284], [0.2835132689554566, -0.44027651716418326, -0.8519253575049678]], "t_gripper2base": [0.47185000000000005, -0.4114, 0.6236]}
{"sample_index": 20, "image_path": "/home/laptop4080/project/RO002/phase7_eye_to_hand/outputs/captures/raw_0020.jpg", "R_gripper2base": [[0.4123932426040117, -0.7460601070837488, 0.5228060157197251], [-0.8657667352010813, -0.49955070318433276, -0.029950879240833284], [0.2835132689554566, -0.44027651716418326, -0.8519253575049678]], "t_gripper2base": [0.34122, -0.41139, 0.6236]}
{"sample_index": 21, "image_path": "/home/laptop4080/project/RO002/phase7_eye_to_hand/outputs/captures/raw_0021.jpg", "R_gripper2base": [[0.41239324260401183, -0.6115753074462612, 0.6752091948252477], [-0.8657667352010813, -0.49375789156021915, 0.08155430547351455], [0.28351326895545664, -0.6182061046641465, -0.7331039752191861]], "t_gripper2base": [0.34123000000000003, -0.4114, 0.6236]}
{"sample_index": 22, "image_path": "/home/laptop4080/project/RO002/phase7_eye_to_hand/outputs/captures/raw_0022.jpg", "R_gripper2base": [[0.41239324260401183, -0.6115753074462612, 0.6752091948252477], [-0.8657667352010813, -0.49375789156021915, 0.08155430547351455], [0.28351326895545664, -0.6182061046641465, -0.7331039752191861]], "t_gripper2base": [0.17533, -0.4114, 0.6236]}
{"sample_index": 23, "image_path": "/home/laptop4080/project/RO002/phase7_eye_to_hand/outputs/captures/raw_0023.jpg", "R_gripper2base": [[0.6005378930810287, -0.4284658190252858, 0.6751083475271136], [-0.6379442335761331, -0.765759872344198, 0.08147989171788186], [0.48205953348187114, -0.47961323984476134, -0.7332051188752383]], "t_gripper2base": [0.17533, -0.4114, 0.6236]}
{"sample_index": 24, "image_path": "/home/laptop4080/project/RO002/phase7_eye_to_hand/outputs/captures/raw_0024.jpg", "R_gripper2base": [[0.18386288701944647, -0.42841910497683006, 0.88467593460415], [-0.5935982434824604, -0.7657680571063252, -0.24746799399142774], [0.7834765881067614, -0.4796419010120525, -0.3951051539554155]], "t_gripper2base": [0.17532, -0.4114, 0.62361]}
{"sample_index": 25, "image_path": "/home/laptop4080/project/RO002/phase7_eye_to_hand/outputs/captures/raw_0025.jpg", "R_gripper2base": [[0.36169279592969344, -0.4284883086189486, 0.8279952238687333], [-0.6318068948186395, -0.7657371042872442, -0.12027774015758061], [0.6855642705335435, -0.47962949919146813, -0.5476834619313894]], "t_gripper2base": [0.32415, -0.4114, 0.6236]}
{"sample_index": 26, "image_path": "/home/laptop4080/project/RO002/phase7_eye_to_hand/outputs/captures/raw_0026.jpg", "R_gripper2base": [[0.3616927959296935, -0.428343789664959, 0.8280699965751822], [-0.6318068948186394, -0.7657580850501208, -0.12014409198957932], [0.6855642705335435, -0.47972508068250197, -0.5475997424506124]], "t_gripper2base": [0.32414, -0.26229, 0.6236]}
{"sample_index": 27, "image_path": "/home/laptop4080/project/RO002/phase7_eye_to_hand/outputs/captures/raw_0027.jpg", "R_gripper2base": [[0.3616927959296935, -0.428343789664959, 0.8280699965751822], [-0.6318068948186394, -0.7657580850501208, -0.12014409198957932], [0.6855642705335435, -0.47972508068250197, -0.5475997424506124]], "t_gripper2base": [0.32415, -0.26230000000000003, 0.78706]}
{"sample_index": 28, "image_path": "/home/laptop4080/project/RO002/phase7_eye_to_hand/outputs/captures/raw_0028.jpg", "R_gripper2base": [[0.3616927959296935, -0.428343789664959, 0.8280699965751822], [-0.6318068948186394, -0.7657580850501208, -0.12014409198957932], [0.6855642705335435, -0.47972508068250197, -0.5475997424506124]], "t_gripper2base": [0.32414, -0.15344, 0.7870499999999999]}
{"sample_index": 29, "image_path": "/home/laptop4080/project/RO002/phase7_eye_to_hand/outputs/captures/raw_0029.jpg", "R_gripper2base": [[0.3616927959296935, -0.428343789664959, 0.8280699965751822], [-0.6318068948186394, -0.7657580850501208, -0.12014409198957932], [0.6855642705335435, -0.47972508068250197, -0.5475997424506124]], "t_gripper2base": [0.51301, -0.15344999999999998, 0.7870499999999999]}
{"sample_index": 30, "image_path": "/home/laptop4080/project/RO002/phase7_eye_to_hand/outputs/captures/raw_0030.jpg", "R_gripper2base": [[0.36169279592969367, -0.6159484117494529, 0.6998470371701859], [-0.6318068948186395, -0.7139463108062034, -0.3018289465008961], [0.6855642705335436, -0.33299882785009705, -0.6473896906950805]], "t_gripper2base": [0.51301, -0.15344999999999998, 0.7870499999999999]}
{"sample_index": 31, "image_path": "/home/laptop4080/project/RO002/phase7_eye_to_hand/outputs/captures/raw_0031.jpg", "R_gripper2base": [[0.7503988523480528, -0.6159772155894994, 0.23973658934199504], [-0.6604026474521649, -0.7139113884288851, 0.23280651346066927], [0.027747173421746818, -0.33302041881264377, -0.9425112705007587]], "t_gripper2base": [0.51301, -0.15344, 0.78706]}
{"sample_index": 32, "image_path": "/home/laptop4080/project/RO002/phase7_eye_to_hand/outputs/captures/raw_0032.jpg", "R_gripper2base": [[0.7503988523480528, -0.6159772155894994, 0.23973658934199504], [-0.6604026474521649, -0.7139113884288851, 0.23280651346066927], [0.027747173421746818, -0.33302041881264377, -0.9425112705007587]], "t_gripper2base": [0.5409400000000001, -0.15344999999999998, 0.67295]}
{"sample_index": 33, "image_path": "/home/laptop4080/project/RO002/phase7_eye_to_hand/outputs/captures/raw_0033.jpg", "R_gripper2base": [[0.5358439243372575, -0.8091851521796144, 0.24102007850571722], [-0.8414305218624013, -0.48820733909824354, 0.23162096392377807], [-0.0697564737441253, -0.3269143367040781, -0.9424760213544523]], "t_gripper2base": [0.5409299999999999, -0.15344999999999998, 0.6729700000000001]}
{"sample_index": 34, "image_path": "/home/laptop4080/project/RO002/phase7_eye_to_hand/outputs/captures/raw_0034.jpg", "R_gripper2base": [[0.5359907735054751, -0.8090999316004557, 0.24097964935060562], [-0.8413369866395914, -0.48834856111334146, 0.2316630263351088], [-0.0697564737441253, -0.326914336704078, -0.9424760213544524]], "t_gripper2base": [0.5409299999999999, -0.32964, 0.67296]}
{"sample_index": 35, "image_path": "/home/laptop4080/project/RO002/phase7_eye_to_hand/outputs/captures/raw_0035.jpg", "R_gripper2base": [[0.5358439243372575, -0.8091851521796144, 0.24102007850571722], [-0.8414305218624013, -0.48820733909824354, 0.23162096392377807], [-0.0697564737441253, -0.3269143367040781, -0.9424760213544523]], "t_gripper2base": [0.5409400000000001, -0.32964, 0.77683]}
{"sample_index": 36, "image_path": "/home/laptop4080/project/RO002/phase7_eye_to_hand/outputs/captures/raw_0036.jpg", "R_gripper2base": [[0.5358439243372576, -0.8091430739158999, 0.24116130428569238], [-0.8414305218624013, -0.48816690617825464, 0.23170616865055302], [-0.0697564737441253, -0.32707882482099015, -0.9424189496845369]], "t_gripper2base": [0.34192, -0.32964, 0.77683]}
{"sample_index": 37, "image_path": "/home/laptop4080/project/RO002/phase7_eye_to_hand/outputs/captures/raw_0037.jpg", "R_gripper2base": [[0.5358439243372575, -0.7933660365110387, 0.2888626332041115], [-0.8414305218624012, -0.47352056646351937, 0.2603323837221085], [-0.06975647374412534, -0.3825553623292102, -0.9212955167176013]], "t_gripper2base": [0.3419, -0.21634, 0.77683]}
{"sample_index": 38, "image_path": "/home/laptop4080/project/RO002/phase7_eye_to_hand/outputs/captures/raw_0038.jpg", "R_gripper2base": [[0.5358439243372575, -0.74167348222207, 0.4034745772901145], [-0.8414305218624013, -0.429611058036585, 0.32776365828299736], [-0.06975647374412527, -0.5151259890369299, -0.8542711804746256]], "t_gripper2base": [0.34192, -0.21631, 0.77683]}
{"sample_index": 39, "image_path": "/home/laptop4080/project/RO002/phase7_eye_to_hand/outputs/captures/raw_0039.jpg", "R_gripper2base": [[0.5358439243372575, -0.74167348222207, 0.4034745772901145], [-0.8414305218624013, -0.429611058036585, 0.32776365828299736], [-0.06975647374412527, -0.5151259890369299, -0.8542711804746256]], "t_gripper2base": [0.43972, -0.21631, 0.77683]}
