{"sample_index": 0, "robot_row_index": 0, "image_path": "/home/laptop4080/project/RO002/phase7_eye_to_hand/outputs/samples/images/sample_0000.jpg", "R_target2cam": [[-0.9554472457806791, -0.08602330002898392, 0.2823482820600082], [0.06770260630429581, -0.9949550218321161, -0.07403284156817617], [0.2872923904834935, -0.05161875999262829, 0.9564510369000094]], "t_target2cam": [[0.21681633783149945], [0.0007522353417289207], [0.6074070089833578]], "num_corners": 40, "R_gripper2base": [[0.436233394866786, -0.6250065892920588, 0.6473539901356187], [-0.2626338652807957, -0.7765267719545441, -0.5727387059083088], [0.8606531694072053, 0.07983066941572767, -0.5028948063064174]], "t_gripper2base": [0.39068, -0.455, 0.82176]}
{"sample_index": 1, "robot_row_index": 1, "image_path": "/home/laptop4080/project/RO002/phase7_eye_to_hand/outputs/samples/images/sample_0001.jpg", "R_target2cam": [[-0.9160207425071503, -0.03339831744149032, 0.39973810387393216], [0.008963745929624156, -0.9979832896183751, -0.06284110837179471], [0.4010307351756949, -0.05398060794918805, 0.914472767997975]], "t_target2cam": [[0.2086684487928876], [0.006151781387657266], [0.5975443086958057]], "num_corners": 38, "R_gripper2base": [[0.436233394866786, -0.7072741724899803, 0.556294589342385], [-0.2626338652807958, -0.6913777582004481, -0.6730677887652861], [0.8606531694072055, 0.1475128482347779, -0.48735621632948917]], "t_gripper2base": [0.39068, -0.455, 0.82176]}
{"sample_index": 2, "robot_row_index": 2, "image_path": "/home/laptop4080/project/RO002/phase7_eye_to_hand/outputs/samples/images/sample_0002.jpg", "R_target2cam": [[-0.8647820202479064, 0.018854645367783033, 0.5017933437222984], [-0.04475554755394617, -0.9982118566353794, -0.03962360705053512], [0.5001489762251804, -0.05672381881188793, 0.8640795159939275]], "t_target2cam": [[0.19991032485752974], [0.010534478094706123], [0.5898847781398436]], "num_corners": 40, "R_gripper2base": [[0.4362333948667859, -0.7723878673919546, 0.46164640961314474], [-0.2626338652807958, -0.5999869184529226, -0.7556713243818605], [0.8606531694072055, 0.20840508628887744, -0.46458954142151965]], "t_gripper2base": [0.39068, -0.455, 0.82176]}
{"sample_index": 3, "robot_row_index": 3, "image_path": "/home/laptop4080/project/RO002/phase7_eye_to_hand/outputs/samples/images/sample_0003.jpg", "R_target2cam": [[-0.7840010258704269, 0.07609835917463942, 0.6160774554916338], [-0.10276330919407681, -0.994674382411432, -0.007910452447167104], [0.6121944901071888, -0.06951196087986508, 0.7876458554306215]], "t_target2cam": [[0.1875732819571297], [0.01515197318415602], [0.5798312727716106]], "num_corners": 36, "R_gripper2base": [[0.43623339486678575, -0.8320797630812071, 0.34255465706033084], [-0.26263386528079574, -0.4818471584197031, -0.8359705549422936], [0.8606531694072053, 0.27471181953745544, -0.4287301461242872]], "t_gripper2base": [0.39068, -0.455, 0.82176]}
{"sample_index": 4, "robot_row_index": 4, "image_path": "/home/laptop4080/project/RO002/phase7_eye_to_hand/outputs/samples/images/sample_0004.jpg", "R_target2cam": [[-0.9804248431912345, -0.15380684911752512, 0.12292509921892332], [0.14389908743076696, -0.985863455153845, -0.08582715437852467], [0.13438816722478125, -0.06645826477317537, 0.9886976886557902]], "t_target2cam": [[0.22511477940595384], [-0.006640079858215097], [0.6225177905167787]], "num_corners": 40, "R_gripper2base": [[0.4362333948667859, -0.5055707204720422, 0.7443780436071303], [-0.26263386528079574, -0.8627566043168783, -0.4320584387733658], [0.8606531694072053, -0.007020563295748655, -0.5091432349352613]], "t_gripper2base": [0.39068, -0.455, 0.82176]}
{"sample_index": 5, "robot_row_index": 5, "image_path": "/home/laptop4080/project/RO002/phase7_eye_to_hand/outputs/samples/images/sample_0005.jpg", "R_target2cam": [[-0.9741525004580764, -0.22052030280051843, -0.0489663343946107], [0.22361295337363524, -0.9721080270530194, -0.0707335197951193], [-0.032002389516997236, -0.07985474182447624, 0.996292661457138]], "t_target2cam": [[0.23032479726143829], [-0.014665882107400564], [0.6382929430175791]], "num_corners": 33, "R_gripper2base": [[0.4362333948667859, -0.3628904489596263, 0.823414201515179], [-0.2626338652807957, -0.9265776023275739, -0.269216269331096], [0.8606531694072054, -0.09881532734735655, -0.4995114143546343]], "t_gripper2base": [0.39068, -0.455, 0.82176]}
{"sample_index": 6, "robot_row_index": 6, "image_path": "/home/laptop4080/project/RO002/phase7_eye_to_hand/outputs/samples/images/sample_0006.jpg", "R_target2cam": [[-0.9298883387043729, -0.28797028520993756, -0.22886850455606267], [0.3062059840248175, -0.9507631572244273, -0.04782587387630274], [-0.20382731144038196, -0.11455362805579761, 0.9722817973253638]], "t_target2cam": [[0.23261275035448298], [-0.023579895480277124], [0.6546976907118232]], "num_corners": 40, "R_gripper2base": [[0.436233394866786, -0.19297718555876475, 0.8788971675098385], [-0.2626338652807958, -0.9615098863946046, -0.08076008403353538], [0.8606531694072055, -0.19559791465977586, -0.47012506609420385]], "t_gripper2base": [0.39068, -0.455, 0.82176]}
{"sample_index": 7, "robot_row_index": 7, "image_path": "/home/laptop4080/project/RO002/phase7_eye_to_hand/outputs/samples/images/sample_0007.jpg", "R_target2cam": [[-0.9300744745085624, -0.2901728247868547, -0.2253024714086349], [0.3070191207060867, -0.9507343699749417, -0.04293503545138799], [-0.2017442226892328, -0.10910494720024352, 0.9733423750705347]], "t_target2cam": [[0.23746061355431497], [0.049259017169269836], [0.6903973314460344]], "num_corners": 40, "R_gripper2base": [[0.436233394866786, -0.19297718555876475, 0.8788971675098385], [-0.2626338652807958, -0.9615098863946046, -0.08076008403353538], [0.8606531694072055, -0.19559791465977586, -0.47012506609420385]], "t_gripper2base": [0.39067, -0.45499, 0.74021]}
{"sample_index": 8, "robot_row_index": 8, "image_path": "/home/laptop4080/project/RO002/phase7_eye_to_hand/outputs/samples/images/sample_0008.jpg", "R_target2cam": [[-0.9198616968668927, -0.3405859062413271, -0.19456541086980153], [0.33218398462171184, -0.9402018551892942, 0.07532776287300465], [-0.20858633463868878, 0.004659610325257774, 0.9779928573530654]], "t_target2cam": [[0.23623067011963367], [0.043171121741785175], [0.6884657270771126]], "num_corners": 36, "R_gripper2base": [[0.5429408824891904, -0.1929829542132942, 0.817296015838184], [-0.2707003382694097, -0.9615056304748553, -0.047204336940358096], [0.7949443533875101, -0.1956131435979221, -0.5742812665141119]], "t_gripper2base": [0.39068, -0.455, 0.7402000000000001]}
{"sample_index": 9, "robot_row_index": 9, "image_path": "/home/laptop4080/project/RO002/phase7_eye_to_hand/outputs/samples/images/sample_0009.jpg", "R_target2cam": [[-0.9422331495619753, -0.21202561008350523, -0.2593103016373195], [0.26914346560667435, -0.9400819113050383, -0.2093031174117939], [-0.19939530282268214, -0.26700400878223474, 0.9428416476304318]], "t_target2cam": [[0.2383241785931393], [0.05757249313101571], [0.694744584405177]], "num_corners": 40, "R_gripper2base": [[0.276067091694331, -0.19303089208711158, 0.9415551155314742], [-0.24450134221143524, -0.9615019484047332, -0.12543164222279923], [0.9295192599081744, -0.19558394083859637, -0.31263535875809684]], "t_gripper2base": [0.39067, -0.45499, 0.74022]}
{"sample_index": 10, "robot_row_index": 10, "image_path": "/home/laptop4080/project/RO002/phase7_eye_to_hand/outputs/samples/images/sample_0010.jpg", "R_target2cam": [[-0.9541718831678055, -0.09746600702553915, -0.28294238785749504], [0.21767230458304848, -0.8748696536407615, -0.43269141077215595], [-0.20536500478296726, -0.4744506998761742, 0.855991675308528]], "t_target2cam": [[0.23812156142903224], [0.06787785233978288], [0.7004377253295976]], "num_corners": 40, "R_gripper2base": [[0.041266429215754, -0.19300503532432622, 0.9803296068972094], [-0.20708254111493096, -0.9615125952698752, -0.18058336109058404], [0.977452762533906, -0.19555711563848788, -0.0796461646156988]], "t_gripper2base": [0.39068, -0.455, 0.74021]}
{"sample_index": 11, "robot_row_index": 11, "image_path": "/home/laptop4080/project/RO002/phase7_eye_to_hand/outputs/samples/images/sample_0011.jpg", "R_target2cam": [[-0.9545432047283215, -0.09711146248859745, -0.2818095707393757], [0.21756152886659338, -0.8732530592775435, -0.4360000867197637], [-0.20375046371533956, -0.4774918410986064, 0.8546854919910876]], "t_target2cam": [[0.29374807064596226], [0.05172023959910032], [0.7266475950756723]], "num_corners": 40, "R_gripper2base": [[0.04130257130870532, -0.19283721677967489, 0.9803611097080291], [-0.20707533561031652, -0.9615462663584234, -0.1804122585470595], [0.977452762533906, -0.19555711563848793, -0.0796461646156986]], "t_gripper2base": [0.39068, -0.39159, 0.74021]}
{"sample_index": 12, "robot_row_index": 12, "image_path": "/home/laptop4080/project/RO002/phase7_eye_to_hand/outputs/samples/images/sample_0012.jpg", "R_target2cam": [[-0.9571776475330008, -0.05938363503581244, -0.2833452575094983], [0.200527529862092, -0.8419200412850478, -0.5009584352518592], [-0.2088053180132112, -0.5363247411527059, 0.8177750981760727]], "t_target2cam": [[0.2934671023484767], [0.05477249708006306], [0.7296029198139399]], "num_corners": 40, "R_gripper2base": [[-0.033596359593153116, -0.19297163103247006, 0.9806289992850281], [-0.19269702694449242, -0.9615221881225681, -0.19581352750701977], [0.9806829969102355, -0.1955429143811073, -0.004881414395625294]], "t_gripper2base": [0.39068, -0.3916, 0.74021]}
{"sample_index": 13, "robot_row_index": 13, "image_path": "/home/laptop4080/project/RO002/phase7_eye_to_hand/outputs/samples/images/sample_0013.jpg", "R_target2cam": [[-0.9554301304315576, 0.1268748846339441, -0.26656336866242586], [0.011308043815817577, -0.8865486444139197, -0.462497166729593], [-0.2950006678104247, -0.44489803858520754, 0.8456005802117447]], "t_target2cam": [[0.28930563519996566], [0.07234961716683559], [0.7343288543027021]], "num_corners": 40, "R_gripper2base": [[0.008333501169114903, -0.19552795163722175, 0.980662721269049], [0.01690610652899531, -0.9805290565518398, -0.19564496625159802], [0.9998223523808089, 0.018209595989778116, -0.004865623659350732]], "t_gripper2base": [0.39067, -0.39159, 0.74021]}
{"sample_index": 14, "robot_row_index": 14, "image_path": "/home/laptop4080/project/RO002/phase7_eye_to_hand/outputs/samples/images/sample_0014.jpg", "R_target2cam": [[-0.9087715831103818, 0.32864397270324586, -0.25715238466107726], [-0.2024647284442926, -0.8860984073530163, -0.41693842018027916], [-0.3648866172758729, -0.32683750043756654, 0.8717998651300055]], "t_target2cam": [[0.2809195441290716], [0.09115064423440904], [0.7376975479964073]], "num_corners": 40, "R_gripper2base": [[0.05399246266533275, -0.18817023774758287, 0.9806511997654165], [0.24639186168139085, -0.9492058272397836, -0.19570219219829024], [0.9676651613406938, 0.25219091807608046, -0.004886344997303341]], "t_gripper2base": [0.39068, -0.3916, 0.74021]}
{"sample_index": 15, "robot_row_index": 15, "image_path": "/home/laptop4080/project/RO002/phase7_eye_to_hand/outputs/samples/images/sample_0015.jpg", "R_target2cam": [[-0.9563858411304632, 0.19322630258659496, -0.21906555839266445], [-0.16676921191966282, -0.9769025475404373, -0.1336018059934009], [-0.23982108506315875, -0.09124148506966218, 0.9665199628364706]], "t_target2cam": [[0.28663061934343204], [0.08116448103336925], [0.7189304497392831]], "num_corners": 36, "R_gripper2base": [[0.34945642541071564, -0.1882510242228671, 0.9178462608837097], [0.17514734125069165, -0.9492151263837071, -0.2613695711003428], [0.9204366439858742, 0.2520956082985281, -0.2987376586314763]], "t_gripper2base": [0.39068, -0.3916, 0.74021]}
{"sample_index": 16, "robot_row_index": 16, "image_path": "/home/laptop4080/project/RO002/phase7_eye_to_hand/outputs/samples/images/sample_0016.jpg", "R_target2cam": [[-0.9559502947412586, 0.1921635668064866, -0.2218832971999238], [-0.16576725616257515, -0.9772657640777195, -0.1321848824409289], [-0.2422400684619123, -0.08958119196460806, 0.9660719224145627]], "t_target2cam": [[0.21527314777740741], [0.10161855611733786], [0.6868469623551916]], "num_corners": 40, "R_gripper2base": [[0.3496000377186294, -0.18821168114164055, 0.9177996386515801], [0.1752193196493501, -0.949195407656071, -0.2613929381338466], [0.920368406481205, 0.2521992092899253, -0.29886042759921333]], "t_gripper2base": [0.39068, -0.47279000000000004, 0.74021]}
{"sample_index": 17, "robot_row_index": 17, "image_path": "/home/laptop4080/project/RO002/phase7_eye_to_hand/outputs/samples/images/sample_0017.jpg", "R_target2cam": [[-0.9557694891150571, 0.19197685559443178, -0.22282183598744865], [-0.1669824842722532, -0.9778458939833777, -0.12623096912451998], [-0.24211884194132743, -0.08344036514735229, 0.9666520427956832]], "t_target2cam": [[0.22166686056946264], [0.19967783490170193], [0.7315210223482522]], "num_corners": 17, "R_gripper2base": [[0.34945642541071564, -0.1882510242228671, 0.9178462608837097], [0.17514734125069165, -0.9492151263837071, -0.2613695711003428], [0.9204366439858742, 0.2520956082985281, -0.2987376586314763]], "t_gripper2base": [0.39068, -0.4728, 0.6307999999999999]}
{"sample_index": 18, "robot_row_index": 18, "image_path": "/home/laptop4080/project/RO002/phase7_eye_to_hand/outputs/samples/images/sample_0018.jpg", "R_target2cam": [[-0.7120661898460329, 0.5844981062304984, -0.38900347696532805], [-0.6324166927175479, -0.7746031602038859, -0.00625067791137926], [-0.3049768319895006, 0.241561395953729, 0.9212150801710391]], "t_target2cam": [[0.19653560606797857], [0.2365750145709609], [0.7343924454305099]], "num_corners": 38, "R_gripper2base": [[0.39586689517515505, 0.030238515094830665, 0.9178099114246057], [0.6598762198969966, -0.704435720085603, -0.2614071358665036], [0.6386335222322999, 0.7091233661869687, -0.29881645839683735]], "t_gripper2base": [0.39068, -0.4728, 0.6307999999999999]}
{"sample_index": 19, "robot_row_index": 19, "image_path": "/home/laptop4080/project/RO002/phase7_eye_to_hand/outputs/samples/images/sample_0019.jpg", "R_target2cam": [[-0.7118819319926761, 0.5853909675747937, -0.3879968169769203], [-0.6321657463700465, -0.7747800184365686, -0.009077012054220249], [-0.3059257818798163, 0.23881653651553802, 0.9216160143291484]], "t_target2cam": [[0.1883368843286883], [0.108579509750602], [0.6728794649892098]], "num_corners": 32, "R_gripper2base": [[0.39586689517515505, 0.030238515094830665, 0.9178099114246057], [0.6598762198969966, -0.704435720085603, -0.2614071358665036], [0.6386335222322999, 0.7091233661869687, -0.29881645839683735]], "t_gripper2base": [0.39068, -0.47279000000000004, 0.7740199999999999]}
{"sample_index": 21, "robot_row_index": 21, "image_path": "/home/laptop4080/project/RO002/phase7_eye_to_hand/outputs/samples/images/sample_0021.jpg", "R_target2cam": [[-0.6040201169045329, 0.6727919460833551, -0.42721270540564027], [-0.6046365368566053, -0.7360720570780193, -0.30432315897247153], [-0.5192055052411189, 0.07449110063829845, 0.8513969222712812]], "t_target2cam": [[0.3178371367268579], [0.0734738388764276], [0.7616802588247477]], "num_corners": 28, "R_gripper2base": [[0.10463846992093495, 0.03024208878069623, 0.994050404496063], [0.7077555475512832, -0.704461268613012, -0.053069821316160615], [0.6986650667687551, 0.709097833229186, -0.09511775537030254]], "t_gripper2base": [0.39068, -0.31348000000000004, 0.7740199999999999]}
{"sample_index": 22, "robot_row_index": 22, "image_path": "/home/laptop4080/project/RO002/phase7_eye_to_hand/outputs/samples/images/sample_0022.jpg", "R_target2cam": [[-0.5550948486506475, -0.4556069669676859, 0.6959109143072988], [0.4080891993587392, -0.8782044279331814, -0.2494397484870781], [0.7247985336410787, 0.14553100841078367, 0.6734150363800039]], "t_target2cam": [[0.3112879467824855], [-0.06627694517055395], [0.7628678832509396]], "num_corners": 30, "R_gripper2base": [[0.18179818823044663, -0.9347360765394126, 0.30531604276852653], [-0.7607526522334009, -0.33042855634053775, -0.5586343806771603], [0.6230608484538036, -0.13071127101521762, -0.771174262247913]], "t_gripper2base": [0.26036000000000004, -0.27514999999999995, 0.7640800000000001]}
{"sample_index": 23, "robot_row_index": 23, "image_path": "/home/laptop4080/project/RO002/phase7_eye_to_hand/outputs/samples/images/sample_0023.jpg", "R_target2cam": [[-0.5601268616136132, -0.45467112424750106, 0.692482539616991], [0.41142861220531984, -0.8782211208198215, -0.2438322374190524], [0.7190162696056944, 0.14833014434527492, 0.6789799498665782]], "t_target2cam": [[0.25899662039374], [-0.052776064974355844], [0.7426780770273819]], "num_corners": 18, "R_gripper2base": [[0.18179818823044663, -0.9347360765394126, 0.30531604276852653], [-0.7607526522334009, -0.33042855634053775, -0.5586343806771603], [0.6230608484538036, -0.13071127101521762, -0.771174262247913]], "t_gripper2base": [0.26036000000000004, -0.33332, 0.7640800000000001]}
{"sample_index": 24, "robot_row_index": 24, "image_path": "/home/laptop4080/project/RO002/phase7_eye_to_hand/outputs/samples/images/sample_0024.jpg", "R_target2cam": [[-0.5546148778738205, -0.4538488278604515, 0.6974407348948738], [0.41140185151561987, -0.8781131255324846, -0.24426595206268706], [0.7232916796220784, 0.1514548784861859, 0.6737288519665817]], "t_target2cam": [[0.21670886572885775], [-0.041924200793072436], [0.7248034739981926]], "num_corners": 28, "R_gripper2base": [[0.18179818823044663, -0.9347360765394126, 0.30531604276852653], [-0.7607526522334009, -0.33042855634053775, -0.5586343806771603], [0.6230608484538036, -0.13071127101521762, -0.771174262247913]], "t_gripper2base": [0.26036000000000004, -0.37959, 0.7640800000000001]}
{"sample_index": 25, "robot_row_index": 25, "image_path": "/home/laptop4080/project/RO002/phase7_eye_to_hand/outputs/samples/images/sample_0025.jpg", "R_target2cam": [[-0.6456357421532892, -0.5679489769592839, 0.5104786460030177], [0.4812014261038099, -0.8216407159931075, -0.30553513928514553], [0.5929584099832224, 0.04837864604592043, 0.8037784711205774]], "t_target2cam": [[0.23275989769373212], [-0.0479585458021731], [0.7352744558472104]], "num_corners": 19, "R_gripper2base": [[0.18179818823044666, -0.8367343527694001, 0.516551102652681], [-0.7607526522334008, -0.45252213896465776, -0.4652731626331971], [0.6230608484538036, -0.3083818033581495, -0.7188155830820602]], "t_gripper2base": [0.26036000000000004, -0.37959, 0.7640800000000001]}
{"sample_index": 26, "robot_row_index": 26, "image_path": "/home/laptop4080/project/RO002/phase7_eye_to_hand/outputs/samples/images/sample_0026.jpg", "R_target2cam": [[-0.645967122347547, -0.5683250064582048, 0.5096402298487733], [0.4831478219906973, -0.8212706292164247, -0.30345137286244617], [0.5910115556837062, 0.05021195694990635, 0.8050988140766238]], "t_target2cam": [[0.2375122896992788], [0.025436747186281767], [0.77096804509029]], "num_corners": 31, "R_gripper2base": [[0.18179818823044666, -0.8367343527694001, 0.516551102652681], [-0.7607526522334008, -0.45252213896465776, -0.4652731626331971], [0.6230608484538036, -0.3083818033581495, -0.7188155830820602]], "t_gripper2base": [0.26036000000000004, -0.37959, 0.68176]}
{"sample_index": 27, "robot_row_index": 27, "image_path": "/home/laptop4080/project/RO002/phase7_eye_to_hand/outputs/samples/images/sample_0027.jpg", "R_target2cam": [[-0.6426419137424901, -0.5696588041419147, 0.5123477506196288], [0.483506658971443, -0.8202752737141057, -0.30556470029033383], [0.5943338131316966, 0.051354865366900315, 0.8025770968396022]], "t_target2cam": [[0.2422967021155249], [0.10189594703089744], [0.806616439169447]], "num_corners": 23, "R_gripper2base": [[0.18179818823044666, -0.8367343527694001, 0.516551102652681], [-0.7607526522334008, -0.45252213896465776, -0.4652731626331971], [0.6230608484538036, -0.3083818033581495, -0.7188155830820602]], "t_gripper2base": [0.26036000000000004, -0.37959, 0.59587]}
{"sample_index": 28, "robot_row_index": 28, "image_path": "/home/laptop4080/project/RO002/phase7_eye_to_hand/outputs/samples/images/sample_0028.jpg", "R_target2cam": [[-0.874572316906522, -0.20307311918615933, 0.440323257124538], [-0.06639515759843038, -0.8493742675870013, -0.5235981632975089], [0.48032795624264646, -0.48715979085413963, 0.7293561493719741]], "t_target2cam": [[0.26000949260913836], [0.1613653295398033], [0.8298509551758898]], "num_corners": 22, "R_gripper2base": [[-0.03201737438879156, -0.7882583486336652, 0.6145109140988261], [-0.25632132944965513, -0.5877886792171891, -0.7673355489310223], [0.9660612112109714, -0.1820803240150874, -0.18322797766758084]], "t_gripper2base": [0.26036000000000004, -0.37959, 0.59587]}
{"sample_index": 29, "robot_row_index": 29, "image_path": "/home/laptop4080/project/RO002/phase7_eye_to_hand/outputs/samples/images/sample_0029.jpg", "R_target2cam": [[-0.8720821858726849, -0.2006146931770903, 0.4463478530977624], [-0.0713622113550571, -0.8502205475502154, -0.5215673065999518], [0.48412818124339335, -0.48670192665005324, 0.7271458854460294]], "t_target2cam": [[0.34602814347792493], [0.13884483154825486], [0.8628178021354895]], "num_corners": 22, "R_gripper2base": [[-0.03201737438879156, -0.7882583486336652, 0.6145109140988261], [-0.25632132944965513, -0.5877886792171891, -0.7673355489310223], [0.9660612112109714, -0.1820803240150874, -0.18322797766758084]], "t_gripper2base": [0.26035, -0.28257, 0.59587]}
{"sample_index": 30, "robot_row_index": 30, "image_path": "/home/laptop4080/project/RO002/phase7_eye_to_hand/outputs/samples/images/sample_0030.jpg", "R_target2cam": [[-0.8745000187793492, -0.1998229893459538, 0.4419507778970015], [-0.06864045370953639, -0.8510335350892524, -0.5206058108281537], [0.480143942239686, -0.48560549325799146, 0.7305129017671057]], "t_target2cam": [[0.34132028060090835], [0.055556754706292316], [0.8242349231058884]], "num_corners": 36, "R_gripper2base": [[-0.03197263738994631, -0.7881557481507421, 0.6146448300565744], [-0.25632691363163895, -0.5879262472993574, -0.7672282848569736], [0.9660612112109715, -0.18208032401508734, -0.1832279776675807]], "t_gripper2base": [0.26035, -0.28257, 0.68912]}
{"sample_index": 31, "robot_row_index": 31, "image_path": "/home/laptop4080/project/RO002/phase7_eye_to_hand/outputs/samples/images/sample_0031.jpg", "R_target2cam": [[-0.8079512083694556, -0.35358869672410975, 0.4713702137845392], [0.23906809314977717, -0.9278549198553658, -0.2862371299079177], [0.5385733856514506, -0.11857605681223433, 0.8341932791738349]], "t_target2cam": [[0.27299197352692073], [0.043703012407133084], [0.7709865611289208]], "num_corners": 30, "R_gripper2base": [[0.20803929007841004, -0.7919955730326498, 0.5739883849699012], [-0.536357310245952, -0.5831036817968653, -0.6101728706036242], [0.8179489528872803, -0.18092293544939073, -0.5461010912816207]], "t_gripper2base": [0.27276999999999996, -0.35998, 0.68911]}
{"sample_index": 33, "robot_row_index": 33, "image_path": "/home/laptop4080/project/RO002/phase7_eye_to_hand/outputs/samples/images/sample_0033.jpg", "R_target2cam": [[-0.05445684416680091, -0.9060377569109277, 0.41967849024605436], [0.88133566088892, -0.24117301206392688, -0.4063041115931558], [0.4693419914826325, 0.3477515798725114, 0.8116569064126105]], "t_target2cam": [[0.2862611128877943], [-0.04532912644086286], [0.8005425284143594]], "num_corners": 22, "R_gripper2base": [[0.050184333364489686, -0.8173273094158358, 0.5739839736158427], [-0.9975446018477958, -0.012909841068645678, 0.06883388212141572], [-0.04884976979561323, -0.5760289969147847, -0.8159683172184216]], "t_gripper2base": [0.27276999999999996, -0.27816, 0.68911]}
{"sample_index": 34, "robot_row_index": 34, "image_path": "/home/laptop4080/project/RO002/phase7_eye_to_hand/outputs/samples/images/sample_0034.jpg", "R_target2cam": [[-0.053497273176257715, -0.9044225391228734, 0.4232704956517041], [0.8809405154032431, -0.2423361057056452, -0.40646896584178543], [0.4701934177376082, 0.3511311472910896, 0.8097067786046193]], "t_target2cam": [[0.32437537980745246], [-0.013502665970756486], [0.7290695263661484]], "num_corners": 32, "R_gripper2base": [[0.050184333364489686, -0.8173273094158358, 0.5739839736158427], [-0.9975446018477958, -0.012909841068645678, 0.06883388212141572], [-0.04884976979561323, -0.5760289969147847, -0.8159683172184216]], "t_gripper2base": [0.35935, -0.27816, 0.68911]}
{"sample_index": 35, "robot_row_index": 35, "image_path": "/home/laptop4080/project/RO002/phase7_eye_to_hand/outputs/samples/images/sample_0035.jpg", "R_target2cam": [[-0.05645284502864013, -0.9946847288922435, 0.0861125217185984], [0.8981434782803558, -0.08826507666353184, -0.43075232868093083], [0.43606349160487645, 0.053024205323084245, 0.8983524168939596]], "t_target2cam": [[0.33564486469499843], [-0.01716408163121146], [0.7337858842796948]], "num_corners": 29, "R_gripper2base": [[0.050184333364489714, -0.5674267355782083, 0.8218932001396653], [-0.9975446018477958, 0.011772930658228958, 0.06903742049091333], [-0.04884976979561323, -0.8233397220192736, -0.5654426603433288]], "t_gripper2base": [0.35935, -0.27816, 0.68911]}
{"sample_index": 36, "robot_row_index": 36, "image_path": "/home/laptop4080/project/RO002/phase7_eye_to_hand/outputs/samples/images/sample_0036.jpg", "R_target2cam": [[-0.05569595275485764, -0.9946185225449087, 0.08736106373729513], [0.8988551992140508, -0.08804146532308868, -0.4293111123994261], [0.43469218039044355, 0.05461405491580398, 0.8989215835171919]], "t_target2cam": [[0.2502789037974449], [0.005218745705314864], [0.7004757864585954]], "num_corners": 33, "R_gripper2base": [[0.050184333364489714, -0.5674267355782083, 0.8218932001396653], [-0.9975446018477958, 0.011772930658228958, 0.06903742049091333], [-0.04884976979561323, -0.8233397220192736, -0.5654426603433288]], "t_gripper2base": [0.35935, -0.37333999999999995, 0.68911]}
{"sample_index": 37, "robot_row_index": 37, "image_path": "/home/laptop4080/project/RO002/phase7_eye_to_hand/outputs/samples/images/sample_0037.jpg", "R_target2cam": [[-0.05360118015156501, -0.9947586989457327, 0.08707493530375243], [0.8993402905395356, -0.085986390577597, -0.42871130431527066], [0.43395155870053415, 0.05533056575917278, 0.8992355493385181]], "t_target2cam": [[0.2520646339119126], [0.03914330611719956], [0.7163287250699327]], "num_corners": 34, "R_gripper2base": [[0.050184333364489714, -0.5674267355782083, 0.8218932001396653], [-0.9975446018477958, 0.011772930658228958, 0.06903742049091333], [-0.04884976979561323, -0.8233397220192736, -0.5654426603433288]], "t_gripper2base": [0.35935, -0.37333999999999995, 0.65079]}
{"sample_index": 38, "robot_row_index": 38, "image_path": "/home/laptop4080/project/RO002/phase7_eye_to_hand/outputs/samples/images/sample_0038.jpg", "R_target2cam": [[-0.05391869101787358, -0.9329654134636068, 0.3559049199429534], [0.8928491292917752, -0.20464004086321086, -0.40117687620103715], [0.4471165475374827, 0.29613846585032544, 0.8440312802035111]], "t_target2cam": [[0.1114210912943173], [0.017512013602200345], [0.7838407820161998]], "num_corners": 15, "R_gripper2base": [[0.050184333364489714, -0.7784739888726898, 0.6256674686551995], [-0.9975446018477959, -0.00842878846280501, 0.06952498003863017], [-0.04884976979561323, -0.6276202706841874, -0.7769855184089488]], "t_gripper2base": [0.23781, -0.46038999999999997, 0.6507999999999999]}
{"sample_index": 39, "robot_row_index": 39, "image_path": "/home/laptop4080/project/RO002/phase7_eye_to_hand/outputs/samples/images/sample_0039.jpg", "R_target2cam": [[-0.05064466949549032, -0.9332293575301965, 0.35569380609657686], [0.8858026925401178, -0.20647344421159614, -0.4155987328229939], [0.46129026365225834, 0.29402667069362526, 0.8371138569994241]], "t_target2cam": [[0.08196525336287219], [-0.006064207768055115], [0.830727456987877]], "num_corners": 18, "R_gripper2base": [[0.050184333364489714, -0.7784739888726898, 0.6256674686551995], [-0.9975446018477959, -0.00842878846280501, 0.06952498003863017], [-0.04884976979561323, -0.6276202706841874, -0.7769855184089488]], "t_gripper2base": [0.17245, -0.46038999999999997, 0.6507999999999999]}
{"sample_index": 40, "robot_row_index": 40, "image_path": "/home/laptop4080/project/RO002/phase7_eye_to_hand/outputs/samples/images/sample_0040.jpg", "R_target2cam": [[-0.04755049033249675, -0.8880389547696979, 0.45730270683725677], [0.8856033549155145, -0.24923429379920461, -0.39190427983985754], [0.4620017842298067, 0.3863535707172311, 0.798301490517537]], "t_target2cam": [[0.07818755597858049], [-0.00568282123768043], [0.8303659695050097]], "num_corners": 14, "R_gripper2base": [[0.05018433336448964, -0.840363860473398, 0.539694464206378], [-0.9975446018477959, -0.01574525193527626, 0.06824114862615752], [-0.048849769795613285, -0.5417939359680416, -0.8390905975752402]], "t_gripper2base": [0.17245, -0.46038, 0.6507999999999999]}
{"sample_index": 42, "robot_row_index": 42, "image_path": "/home/laptop4080/project/RO002/phase7_eye_to_hand/outputs/samples/images/sample_0042.jpg", "R_target2cam": [[-0.8812925781184151, -0.36045617423118465, 0.30560552712936184], [0.18604364016631975, -0.8591029000342935, -0.4767913286819841], [0.43440897286665503, -0.36333669455655687, 0.8241815884146241]], "t_target2cam": [[0.1248863604661069], [0.11538332029711189], [0.9444080754364683]], "num_corners": 17, "R_gripper2base": [[0.03130806878738062, -0.7079376132827937, 0.705580711561949], [-0.4488520135701703, -0.6407005762362201, -0.6229242662832933], [0.893057486807433, -0.29719876734272843, -0.33781832091696046]], "t_gripper2base": [0.0984, -0.46038999999999997, 0.57201]}
{"sample_index": 44, "robot_row_index": 44, "image_path": "/home/laptop4080/project/RO002/phase7_eye_to_hand/outputs/samples/images/sample_0044.jpg", "R_target2cam": [[-0.8773508193770243, -0.3588986641582293, 0.3185079097980186], [0.18115587014189977, -0.8623818199141013, -0.4727368690876286], [0.44434006172254525, -0.35705650189722227, 0.8216279961158359]], "t_target2cam": [[0.11981368624750165], [0.1966846875699633], [0.7795226398997868]], "num_corners": 20, "R_gripper2base": [[0.03130806878738062, -0.7079376132827937, 0.705580711561949], [-0.4488520135701703, -0.6407005762362201, -0.6229242662832933], [0.893057486807433, -0.29719876734272843, -0.33781832091696046]], "t_gripper2base": [0.26083999999999996, -0.54572, 0.57201]}
{"sample_index": 45, "robot_row_index": 45, "image_path": "/home/laptop4080/project/RO002/phase7_eye_to_hand/outputs/samples/images/sample_0045.jpg", "R_target2cam": [[-0.8767721576680851, -0.35756646484621035, 0.3215848360159947], [0.177483097268516, -0.8620907468265405, -0.4746570282003966], [0.4469567470371432, -0.3590901940368763, 0.8193191678610555]], "t_target2cam": [[0.11156824184545071], [0.07767887096180741], [0.72084993034305]], "num_corners": 35, "R_gripper2base": [[0.03130806878738062, -0.7079376132827937, 0.705580711561949], [-0.4488520135701703, -0.6407005762362201, -0.6229242662832933], [0.893057486807433, -0.29719876734272843, -0.33781832091696046]], "t_gripper2base": [0.26083999999999996, -0.54572, 0.70487]}
{"sample_index": 46, "robot_row_index": 46, "image_path": "/home/laptop4080/project/RO002/phase7_eye_to_hand/outputs/samples/images/sample_0046.jpg", "R_target2cam": [[-0.7394181394090601, -0.3281734284434725, 0.5878460818756052], [0.05718505861413517, -0.900610468075965, -0.43084875984884663], [0.6708134496148251, -0.2849613757259889, 0.6846943333781941]], "t_target2cam": [[0.08998019525041132], [0.08844807300151716], [0.7049032877475194]], "num_corners": 29, "R_gripper2base": [[0.03130806878738057, -0.8879057004364197, 0.45895890007855333], [-0.4488520135701703, -0.42276854083980747, -0.7872729074407322], [0.8930574868074329, -0.1813566321056137, -0.41177432805907266]], "t_gripper2base": [0.26083999999999996, -0.54572, 0.70487]}
{"sample_index": 47, "robot_row_index": 47, "image_path": "/home/laptop4080/project/RO002/phase7_eye_to_hand/outputs/samples/images/sample_0047.jpg", "R_target2cam": [[-0.761168676448108, -0.28890333916658106, 0.5806523112953523], [-0.02997918075847797, -0.8786726643112787, -0.47648252613623665], [0.6478607062596757, -0.3800910543679217, 0.6601570234983454]], "t_target2cam": [[0.09130636689887188], [0.09740710272933986], [0.7088256719612875]], "num_corners": 22, "R_gripper2base": [[-0.015844692430427028, -0.887928260971784, 0.45970898304189023], [-0.36583346171070746, -0.42273933766654087, -0.8291304666227233], [0.9305454443575262, -0.18131424587405703, -0.31813569467850733]], "t_gripper2base": [0.26083999999999996, -0.54572, 0.70487]}
{"sample_index": 48, "robot_row_index": 48, "image_path": "/home/laptop4080/project/RO002/phase7_eye_to_hand/outputs/samples/images/sample_0048.jpg", "R_target2cam": [[-0.8626846997741648, -0.2959311092721443, 0.4101217957394089], [0.04927187595817792, -0.8562523828947248, -0.5142024300085206], [0.5033362603817861, -0.42338709870762925, 0.7532569107766725]], "t_target2cam": [[0.1155695371817823], [0.21999353702755753], [0.7799446229904922]], "num_corners": 16, "R_gripper2base": [[-0.01584469243042717, -0.7709495848501916, 0.6366990524110289], [-0.3658334617107074, -0.5881562381165459, -0.7212753412236919], [0.930545444357526, -0.24435420435079466, -0.27272000073618463]], "t_gripper2base": [0.26083999999999996, -0.54572, 0.5599400000000001]}
{"sample_index": 49, "robot_row_index": 49, "image_path": "/home/laptop4080/project/RO002/phase7_eye_to_hand/outputs/samples/images/sample_0049.jpg", "R_target2cam": [[-0.8666087679538627, -0.2957991695419885, 0.40186079008004527], [0.05723084739014403, -0.8589575925612468, -0.5088383675474886], [0.49569534334356447, -0.41796495723883004, 0.7613090181443068]], "t_target2cam": [[0.07498652536964974], [0.18556532380086033], [0.8559060982609755]], "num_corners": 16, "R_gripper2base": [[-0.01584469243042717, -0.7709495848501916, 0.6366990524110289], [-0.3658334617107074, -0.5881562381165459, -0.7212753412236919], [0.930545444357526, -0.24435420435079466, -0.27272000073618463]], "t_gripper2base": [0.16788999999999998, -0.54572, 0.5599400000000001]}
{"sample_index": 50, "robot_row_index": 50, "image_path": "/home/laptop4080/project/RO002/phase7_eye_to_hand/outputs/samples/images/sample_0050.jpg", "R_target2cam": [[-0.860913191087302, -0.2957320745939921, 0.4139698267606131], [0.05256337045035646, -0.8610468421332778, -0.5058017672361463], [0.506029218028739, -0.4136917641295796, 0.7568312591275411]], "t_target2cam": [[0.18681227599248504], [0.1560649486828596], [0.9003061974137427]], "num_corners": 20, "R_gripper2base": [[-0.01584469243042717, -0.7709495848501916, 0.6366990524110289], [-0.3658334617107074, -0.5881562381165459, -0.7212753412236919], [0.930545444357526, -0.24435420435079466, -0.27272000073618463]], "t_gripper2base": [0.16788, -0.42002, 0.5599400000000001]}
{"sample_index": 51, "robot_row_index": 51, "image_path": "/home/laptop4080/project/RO002/phase7_eye_to_hand/outputs/samples/images/sample_0051.jpg", "R_target2cam": [[-0.8615363439748587, -0.29720500917077797, 0.41161184450187027], [0.04854173244697012, -0.8552517585707383, -0.5159342299874146], [0.5053699914136977, -0.4245157382070274, 0.7512573192941696]], "t_target2cam": [[0.18331033411461842], [0.08248433514748058], [0.8672035770784807]], "num_corners": 19, "R_gripper2base": [[-0.01584469243042717, -0.7709495848501916, 0.6366990524110289], [-0.3658334617107074, -0.5881562381165459, -0.7212753412236919], [0.930545444357526, -0.24435420435079466, -0.27272000073618463]], "t_gripper2base": [0.16788, -0.41838, 0.64162]}
{"sample_index": 53, "robot_row_index": 53, "image_path": "/home/laptop4080/project/RO002/phase7_eye_to_hand/outputs/samples/images/sample_0053.jpg", "R_target2cam": [[-0.5817409675768371, 0.660148873481889, 0.47516408900858487], [-0.8047207275645079, -0.38214008201047, -0.4543055231329247], [-0.11833003537062961, -0.6466625260223637, 0.7535420228278987]], "t_target2cam": [[0.19555645100840158], [0.20161758331441426], [0.8262923922662498]], "num_corners": 36, "R_gripper2base": [[-0.015843792595817197, -0.770899823985389, 0.636759323147669], [0.7035884130794148, -0.4610829698938434, -0.5407086459954793], [0.7104310798498136, 0.439449606045073, 0.5497014867455414]], "t_gripper2base": [0.29704, -0.41839, 0.64162]}
