{"sample_index": 0, "robot_row_index": 0, "image_path": "/home/laptop4080/project/RO002/phase7_eye_to_hand/outputs/captures/raw_0000.jpg", "R_target2cam": [[-0.9522608435947756, -0.24562839200775458, -0.1812897647299791], [0.30515168406967413, -0.783425308396339, -0.5414122605497061], [-0.009040766870575825, -0.5708865729755658, 0.8209791625434875]], "t_target2cam": [[0.030008958416567644], [-0.07974265944695047], [0.888139405116562]], "num_corners": 34, "R_gripper2base": [[0.18692480316496204, -0.514078150177689, 0.8371276924529651], [-0.4321646596033145, -0.8082924994850712, -0.3998711570820381], [0.8822090596631231, -0.2870311669245382, -0.37325632514700463]], "t_gripper2base": [0.28774, -0.19895, 0.75233]}
{"sample_index": 1, "robot_row_index": 1, "image_path": "/home/laptop4080/project/RO002/phase7_eye_to_hand/outputs/captures/raw_0001.jpg", "R_target2cam": [[-0.9525348454652117, -0.24280287386383875, -0.18364131511733983], [0.3041247444139236, -0.7859377463683932, -0.5383400400012402], [-0.013620132515174951, -0.568637514834215, 0.8224754517391003]], "t_target2cam": [[0.07111434839683067], [-0.09633812208724629], [0.9187704058786781]], "num_corners": 31, "R_gripper2base": [[0.18692480316496204, -0.514078150177689, 0.8371276924529651], [-0.4321646596033145, -0.8082924994850712, -0.3998711570820381], [0.8822090596631231, -0.2870311669245382, -0.37325632514700463]], "t_gripper2base": [0.28775, -0.14518999999999999, 0.75233]}
{"sample_index": 2, "robot_row_index": 2, "image_path": "/home/laptop4080/project/RO002/phase7_eye_to_hand/outputs/captures/raw_0002.jpg", "R_target2cam": [[-0.9534350875733432, -0.24068278680427185, -0.181750735679779], [0.30134709808538723, -0.784821217374124, -0.5415215445713255], [-0.012306919172866498, -0.5710756980431995, 0.8208051454790871]], "t_target2cam": [[0.14776643625586058], [-0.06139673308243816], [0.8404736227630492]], "num_corners": 36, "R_gripper2base": [[0.18692480316496204, -0.514078150177689, 0.8371276924529651], [-0.4321646596033145, -0.8082924994850712, -0.3998711570820381], [0.8822090596631231, -0.2870311669245382, -0.37325632514700463]], "t_gripper2base": [0.40304, -0.14518999999999999, 0.75233]}
{"sample_index": 3, "robot_row_index": 3, "image_path": "/home/laptop4080/project/RO002/phase7_eye_to_hand/outputs/captures/raw_0003.jpg", "R_target2cam": [[-0.9520412050175687, -0.24625099918498136, -0.181598428817801], [0.30581442680717486, -0.7847484285074255, -0.5391172788102094], [-0.009750913049284687, -0.5687972831822636, 0.8224199476783017]], "t_target2cam": [[0.05244350251992763], [-0.02336011026879984], [0.7682289221747173]], "num_corners": 36, "R_gripper2base": [[0.18692480316496204, -0.514078150177689, 0.8371276924529651], [-0.4321646596033145, -0.8082924994850712, -0.3998711570820381], [0.8822090596631231, -0.2870311669245382, -0.37325632514700463]], "t_gripper2base": [0.40304, -0.27119, 0.75234]}
{"sample_index": 4, "robot_row_index": 4, "image_path": "/home/laptop4080/project/RO002/phase7_eye_to_hand/outputs/captures/raw_0004.jpg", "R_target2cam": [[-0.8916101591939305, -0.41915324733028925, -0.17129471467224866], [0.45269622663458564, -0.8334004077192587, -0.31703294277437655], [-0.009871697573448399, -0.3602142635513571, 0.9328173636469097]], "t_target2cam": [[0.052274313191227495], [-0.03356494353090135], [0.7602569139219778]], "num_corners": 25, "R_gripper2base": [[0.40549597935848525, -0.5141354759024338, 0.7558027012009688], [-0.5238941789657129, -0.808273528281562, -0.2687541492240018], [0.749071358396478, -0.2869819086595064, -0.5971042489651218]], "t_gripper2base": [0.40304, -0.27119, 0.7523200000000001]}
{"sample_index": 5, "robot_row_index": 5, "image_path": "/home/laptop4080/project/RO002/phase7_eye_to_hand/outputs/captures/raw_0005.jpg", "R_target2cam": [[-0.8897451497550124, -0.42392318467321316, -0.1692415492246261], [0.4563743630864809, -0.8332587162810581, -0.31209349954629345], [-0.00871832580485668, -0.3549211817265408, 0.9348555747049895]], "t_target2cam": [[-0.051232471566072565], [0.008170596321372375], [0.6828254252351862]], "num_corners": 40, "R_gripper2base": [[0.40558740996551407, -0.5139943977291667, 0.7558495961370209], [-0.5238233985872734, -0.8083632495389546, -0.26862223267499746], [0.7490713583964779, -0.2869819086595064, -0.5971042489651219]], "t_gripper2base": [0.40304, -0.40818, 0.75233]}
{"sample_index": 6, "robot_row_index": 6, "image_path": "/home/laptop4080/project/RO002/phase7_eye_to_hand/outputs/captures/raw_0006.jpg", "R_target2cam": [[-0.8899684032453543, -0.42396533168863754, -0.16795725274919787], [0.45593516596519307, -0.8344438491542261, -0.30955869725299434], [-0.008908740719441602, -0.3520750774122229, 0.9359293638966408]], "t_target2cam": [[-0.00411110154751744], [0.029790524327488743], [0.6349253581322187]], "num_corners": 40, "R_gripper2base": [[0.40558740996551407, -0.5139943977291667, 0.7558495961370209], [-0.5238233985872734, -0.8083632495389546, -0.26862223267499746], [0.7490713583964779, -0.2869819086595064, -0.5971042489651219]], "t_gripper2base": [0.47387999999999997, -0.40818, 0.75233]}
{"sample_index": 7, "robot_row_index": 7, "image_path": "/home/laptop4080/project/RO002/phase7_eye_to_hand/outputs/captures/raw_0007.jpg", "R_target2cam": [[-0.8878490885408481, -0.42808562718558657, -0.1687207508705084], [0.460074931546171, -0.8318143232094342, -0.31050924151531617], [-0.007419793795734542, -0.3533095349700513, 0.9354770543200264]], "t_target2cam": [[-0.1358559116202555], [-0.0300673034811248], [0.7690961849468624]], "num_corners": 38, "R_gripper2base": [[0.40549597935848525, -0.5141354759024338, 0.7558027012009688], [-0.5238941789657129, -0.808273528281562, -0.2687541492240018], [0.749071358396478, -0.2869819086595064, -0.5971042489651218]], "t_gripper2base": [0.27626, -0.40817000000000003, 0.75233]}
{"sample_index": 8, "robot_row_index": 8, "image_path": "/home/laptop4080/project/RO002/phase7_eye_to_hand/outputs/captures/raw_0008.jpg", "R_target2cam": [[-0.8886502544188087, -0.42620391656571016, -0.16926590567930538], [0.45854251903772164, -0.8308808411394814, -0.31523925209575127], [-0.006283594188602956, -0.35775305635507443, 0.933795088396098]], "t_target2cam": [[-0.1399277321058658], [-0.13181133091508113], [0.7196114011234009]], "num_corners": 40, "R_gripper2base": [[0.40558740996551407, -0.5139943977291667, 0.7558495961370209], [-0.5238233985872734, -0.8083632495389546, -0.26862223267499746], [0.7490713583964779, -0.2869819086595064, -0.5971042489651219]], "t_gripper2base": [0.27626999999999996, -0.40818, 0.86524]}
{"sample_index": 9, "robot_row_index": 10, "image_path": "/home/laptop4080/project/RO002/phase7_eye_to_hand/outputs/captures/raw_0010.jpg", "R_target2cam": [[-0.7558192575998621, -0.6534890489114096, -0.04110125051692049], [0.6507727326096759, -0.7566461751763818, 0.06309846339402704], [-0.0723332588297283, 0.020943460645594394, 0.9971606044781646]], "t_target2cam": [[-0.027397269740221872], [-0.19468777307001278], [0.8072129852381879]], "num_corners": 20, "R_gripper2base": [[0.680043411779971, -0.5140831709503366, 0.5227422418748116], [-0.5880341217656913, -0.8082828633950048, -0.02991127515209807], [0.4379004792574554, -0.2870493095055611, -0.8519658820507261]], "t_gripper2base": [0.27626999999999996, -0.25404, 0.86524]}
{"sample_index": 10, "robot_row_index": 11, "image_path": "/home/laptop4080/project/RO002/phase7_eye_to_hand/outputs/captures/raw_0011.jpg", "R_target2cam": [[-0.7571530786414389, -0.651384497198901, -0.04916759413196675], [0.649695081113823, -0.7587389703695971, 0.0470263375034292], [-0.06793759695701576, 0.003662192160213098, 0.9976828510445026]], "t_target2cam": [[-0.022496406805215766], [-0.05622892901752499], [0.8754610362931714]], "num_corners": 13, "R_gripper2base": [[0.680043411779971, -0.5140831709503366, 0.5227422418748116], [-0.5880341217656913, -0.8082828633950048, -0.02991127515209807], [0.4379004792574554, -0.2870493095055611, -0.8519658820507261]], "t_gripper2base": [0.27626999999999996, -0.25404, 0.7117899999999999]}
{"sample_index": 11, "robot_row_index": 12, "image_path": "/home/laptop4080/project/RO002/phase7_eye_to_hand/outputs/captures/raw_0012.jpg", "R_target2cam": [[-0.7586084768858605, -0.6507887895962317, -0.031418627162666954], [0.6474678994063798, -0.758369704485785, 0.07523769372085509], [-0.07279078262530807, 0.036733399706738556, 0.9966705369934343]], "t_target2cam": [[0.0850353300324457], [-0.007723000091407771], [0.764268199321948]], "num_corners": 36, "R_gripper2base": [[0.680043411779971, -0.5140831709503366, 0.5227422418748116], [-0.5880341217656913, -0.8082828633950048, -0.02991127515209807], [0.4379004792574554, -0.2870493095055611, -0.8519658820507261]], "t_gripper2base": [0.43733999999999995, -0.25404, 0.7118]}
{"sample_index": 12, "robot_row_index": 13, "image_path": "/home/laptop4080/project/RO002/phase7_eye_to_hand/outputs/captures/raw_0013.jpg", "R_target2cam": [[-0.762544178232445, -0.6461953756560228, -0.03095016517850556], [0.6418803314784991, -0.7616879712007028, 0.0884368395478342], [-0.08072184527658667, 0.04757069485438435, 0.9956008299947392]], "t_target2cam": [[0.1834740747579977], [-0.04670206017328473], [0.839234677508046]], "num_corners": 20, "R_gripper2base": [[0.680043411779971, -0.5141743988525386, 0.5226525094738257], [-0.5880341217656911, -0.8082776305818304, -0.030052346668344], [0.43790047925745534, -0.2869006090367406, -0.8520159686299535]], "t_gripper2base": [0.43733, -0.12432, 0.7118]}
{"sample_index": 13, "robot_row_index": 14, "image_path": "/home/laptop4080/project/RO002/phase7_eye_to_hand/outputs/captures/raw_0014.jpg", "R_target2cam": [[-0.7642617324913569, -0.6442919471501619, -0.028140559460729096], [0.6401560159726406, -0.7631962040193497, 0.08793082158430846], [-0.07812988841247681, 0.04918781361179045, 0.9957290191255582]], "t_target2cam": [[0.2588189499161569], [-0.011947121856818406], [0.7610321065180735]], "num_corners": 28, "R_gripper2base": [[0.680043411779971, -0.5140831709503366, 0.5227422418748116], [-0.5880341217656913, -0.8082828633950048, -0.02991127515209807], [0.4379004792574554, -0.2870493095055611, -0.8519658820507261]], "t_gripper2base": [0.55074, -0.12433, 0.7118]}
{"sample_index": 14, "robot_row_index": 15, "image_path": "/home/laptop4080/project/RO002/phase7_eye_to_hand/outputs/captures/raw_0015.jpg", "R_target2cam": [[-0.5396013502221195, -0.8377785939867808, 0.08341109216404245], [0.8131347985458113, -0.5442729221376593, -0.20634627600612604], [0.21827089185763743, -0.043520267522916975, 0.9749173319222534]], "t_target2cam": [[0.2532654012719586], [-0.005502352491106428], [0.7580517941773204]], "num_corners": 28, "R_gripper2base": [[0.4124145156572298, -0.7460931532722124, 0.5227420720733494], [-0.8658113952486517, -0.49948132694888264, -0.029816637754212755], [0.283345893093221, -0.44029922855906733, -0.8519693035535345]], "t_gripper2base": [0.55073, -0.12433, 0.7118099999999999]}
{"sample_index": 15, "robot_row_index": 16, "image_path": "/home/laptop4080/project/RO002/phase7_eye_to_hand/outputs/captures/raw_0016.jpg", "R_target2cam": [[-0.5371155699031696, -0.8400126568976739, 0.07671766953775436], [0.8153452814596048, -0.5403360864917083, -0.20796390464785688], [0.21614563740485512, -0.049149261302036756, 0.9751232812031062]], "t_target2cam": [[0.1397892036308093], [0.03946033592105941], [0.6721728742482206]], "num_corners": 36, "R_gripper2base": [[0.4124145156572298, -0.7460931532722124, 0.5227420720733494], [-0.8658113952486517, -0.49948132694888264, -0.029816637754212755], [0.283345893093221, -0.44029922855906733, -0.8519693035535345]], "t_gripper2base": [0.55074, -0.2749, 0.7118099999999999]}
{"sample_index": 16, "robot_row_index": 17, "image_path": "/home/laptop4080/project/RO002/phase7_eye_to_hand/outputs/captures/raw_0017.jpg", "R_target2cam": [[-0.5365368070204187, -0.8409669223373281, 0.0700206415767269], [0.8153374669362067, -0.538000284917261, -0.2139638017025219], [0.21760760492773268, -0.05770900244700458, 0.9743287952812376]], "t_target2cam": [[0.08727677296610073], [0.015153208865272813], [0.7232293590887741]], "num_corners": 22, "R_gripper2base": [[0.4123932426040117, -0.7460601070837488, 0.5228060157197251], [-0.8657667352010813, -0.49955070318433276, -0.029950879240833284], [0.2835132689554566, -0.44027651716418326, -0.8519253575049678]], "t_gripper2base": [0.47184, -0.2749, 0.7118]}
{"sample_index": 17, "robot_row_index": 18, "image_path": "/home/laptop4080/project/RO002/phase7_eye_to_hand/outputs/captures/raw_0018.jpg", "R_target2cam": [[-0.5331528754422132, -0.8432656200017775, 0.06819901414769529], [0.8189572609322296, -0.5346447759504539, -0.20848013889881387], [0.21226638022560135, -0.05529970770181972, 0.9756459020331166]], "t_target2cam": [[-0.015544408936265103], [0.05686369481148726], [0.6468001973327135]], "num_corners": 40, "R_gripper2base": [[0.4123932426040117, -0.7460601070837488, 0.5228060157197251], [-0.8657667352010813, -0.49955070318433276, -0.029950879240833284], [0.2835132689554566, -0.44027651716418326, -0.8519253575049678]], "t_gripper2base": [0.47185000000000005, -0.4114, 0.7118]}
{"sample_index": 18, "robot_row_index": 20, "image_path": "/home/laptop4080/project/RO002/phase7_eye_to_hand/outputs/captures/raw_0020.jpg", "R_target2cam": [[-0.5303180937197876, -0.8452148880529596, 0.06614009742231607], [0.8218060258118788, -0.5316618742613, -0.20486704809765588], [0.208320847282974, -0.05429037180370484, 0.976552599769577]], "t_target2cam": [[-0.09930874157557228], [0.09659387794440957], [0.7724573342294938]], "num_corners": 24, "R_gripper2base": [[0.4123932426040117, -0.7460601070837488, 0.5228060157197251], [-0.8657667352010813, -0.49955070318433276, -0.029950879240833284], [0.2835132689554566, -0.44027651716418326, -0.8519253575049678]], "t_gripper2base": [0.34122, -0.41139, 0.6236]}
{"sample_index": 19, "robot_row_index": 21, "image_path": "/home/laptop4080/project/RO002/phase7_eye_to_hand/outputs/captures/raw_0021.jpg", "R_target2cam": [[-0.4800658741236351, -0.8640221628087413, -0.15166561468314158], [0.8716956303444122, -0.45045787245792923, -0.19296225843188583], [0.09840469775558522, -0.22484084885976788, 0.9694137961384971]], "t_target2cam": [[-0.09207936539770961], [0.09509290156616812], [0.7777030391870544]], "num_corners": 32, "R_gripper2base": [[0.41239324260401183, -0.6115753074462612, 0.6752091948252477], [-0.8657667352010813, -0.49375789156021915, 0.08155430547351455], [0.28351326895545664, -0.6182061046641465, -0.7331039752191861]], "t_gripper2base": [0.34123000000000003, -0.4114, 0.6236]}
{"sample_index": 20, "robot_row_index": 23, "image_path": "/home/laptop4080/project/RO002/phase7_eye_to_hand/outputs/captures/raw_0023.jpg", "R_target2cam": [[-0.6698990910391267, -0.7037654186300852, -0.2365363468166631], [0.7265648841729446, -0.6869590117676576, -0.013812502957784412], [-0.15277001312989238, -0.18111198660393532, 0.9715244574361821]], "t_target2cam": [[-0.1987268559585898], [0.041934881027303306], [0.892293843682988]], "num_corners": 17, "R_gripper2base": [[0.6005378930810287, -0.4284658190252858, 0.6751083475271136], [-0.6379442335761331, -0.765759872344198, 0.08147989171788186], [0.48205953348187114, -0.47961323984476134, -0.7332051188752383]], "t_gripper2base": [0.17533, -0.4114, 0.6236]}
{"sample_index": 21, "robot_row_index": 24, "image_path": "/home/laptop4080/project/RO002/phase7_eye_to_hand/outputs/captures/raw_0024.jpg", "R_target2cam": [[-0.8524914540438475, -0.39821088418921236, -0.33865382397878296], [0.5215555843859062, -0.6915407014961664, -0.49975116865302677], [-0.03518654825473291, -0.6026603934949067, 0.7972216485611026]], "t_target2cam": [[-0.19464060823337487], [0.06162662252548899], [0.8971171042283411]], "num_corners": 17, "R_gripper2base": [[0.18386288701944647, -0.42841910497683006, 0.88467593460415], [-0.5935982434824604, -0.7657680571063252, -0.24746799399142774], [0.7834765881067614, -0.4796419010120525, -0.3951051539554155]], "t_gripper2base": [0.17532, -0.4114, 0.62361]}
{"sample_index": 22, "robot_row_index": 25, "image_path": "/home/laptop4080/project/RO002/phase7_eye_to_hand/outputs/captures/raw_0025.jpg", "R_target2cam": [[-0.7868277515727204, -0.525504720362585, -0.3236462238798077], [0.6130906812472589, -0.725743189072119, -0.3121163886808934], [-0.0708654070953478, -0.4440063202163588, 0.893216928682579]], "t_target2cam": [[-0.09667618194955103], [0.09900876948806311], [0.794188365060125]], "num_corners": 32, "R_gripper2base": [[0.36169279592969344, -0.4284883086189486, 0.8279952238687333], [-0.6318068948186395, -0.7657371042872442, -0.12027774015758061], [0.6855642705335435, -0.47962949919146813, -0.5476834619313894]], "t_gripper2base": [0.32415, -0.4114, 0.6236]}
{"sample_index": 23, "robot_row_index": 27, "image_path": "/home/laptop4080/project/RO002/phase7_eye_to_hand/outputs/captures/raw_0027.jpg", "R_target2cam": [[-0.7921681059658601, -0.5226296571849964, -0.31516334387291156], [0.6069296439370997, -0.728839376892357, -0.3169062479686163], [-0.06407885143202308, -0.44232499830085786, 0.8945627404924145]], "t_target2cam": [[0.010083088690624464], [-0.09319755579828054], [0.8107951471950539]], "num_corners": 40, "R_gripper2base": [[0.3616927959296935, -0.428343789664959, 0.8280699965751822], [-0.6318068948186394, -0.7657580850501208, -0.12014409198957932], [0.6855642705335435, -0.47972508068250197, -0.5475997424506124]], "t_gripper2base": [0.32415, -0.26230000000000003, 0.78706]}
{"sample_index": 24, "robot_row_index": 28, "image_path": "/home/laptop4080/project/RO002/phase7_eye_to_hand/outputs/captures/raw_0028.jpg", "R_target2cam": [[-0.7953204103614134, -0.5195492466369132, -0.31230437906242825], [0.6030378011418445, -0.7305702695049552, -0.32033184623054034], [-0.06173212499632716, -0.4430978014326783, 0.8943452818173554]], "t_target2cam": [[0.09333831831824052], [-0.12624214601481043], [0.8732289979642709]], "num_corners": 28, "R_gripper2base": [[0.3616927959296935, -0.428343789664959, 0.8280699965751822], [-0.6318068948186394, -0.7657580850501208, -0.12014409198957932], [0.6855642705335435, -0.47972508068250197, -0.5475997424506124]], "t_gripper2base": [0.32414, -0.15344, 0.7870499999999999]}
{"sample_index": 25, "robot_row_index": 29, "image_path": "/home/laptop4080/project/RO002/phase7_eye_to_hand/outputs/captures/raw_0029.jpg", "R_target2cam": [[-0.7978101747092408, -0.5161913637601848, -0.3115211086103338], [0.5995849040582529, -0.7334747881188465, -0.32017601099937026], [-0.06322078737145191, -0.442223033291363, 0.8946741981697696]], "t_target2cam": [[0.21932215790089443], [-0.06846356582588593], [0.7441171105443781]], "num_corners": 38, "R_gripper2base": [[0.3616927959296935, -0.428343789664959, 0.8280699965751822], [-0.6318068948186394, -0.7657580850501208, -0.12014409198957932], [0.6855642705335435, -0.47972508068250197, -0.5475997424506124]], "t_gripper2base": [0.51301, -0.15344999999999998, 0.7870499999999999]}
{"sample_index": 26, "robot_row_index": 30, "image_path": "/home/laptop4080/project/RO002/phase7_eye_to_hand/outputs/captures/raw_0030.jpg", "R_target2cam": [[-0.8502577641793277, -0.5210630494305092, -0.07453209356344027], [0.5120970741754601, -0.7861265415260376, -0.34606595806181867], [0.12173052646605963, -0.3324129348062283, 0.9352450586342631]], "t_target2cam": [[0.21067917075341486], [-0.0662588740637207], [0.7385647046225061]], "num_corners": 38, "R_gripper2base": [[0.36169279592969367, -0.6159484117494529, 0.6998470371701859], [-0.6318068948186395, -0.7139463108062034, -0.3018289465008961], [0.6855642705335436, -0.33299882785009705, -0.6473896906950805]], "t_gripper2base": [0.51301, -0.15344999999999998, 0.7870499999999999]}
{"sample_index": 27, "robot_row_index": 31, "image_path": "/home/laptop4080/project/RO002/phase7_eye_to_hand/outputs/captures/raw_0031.jpg", "R_target2cam": [[-0.524408558982023, -0.8354201324984143, 0.16452618479357523], [0.8394728567418275, -0.4749599423602434, 0.26400449986102364], [-0.14241132700776676, 0.2765614856943855, 0.9503855841554]], "t_target2cam": [[0.20120105957531925], [-0.09366165422919717], [0.7392455573882752]], "num_corners": 40, "R_gripper2base": [[0.7503988523480528, -0.6159772155894994, 0.23973658934199504], [-0.6604026474521649, -0.7139113884288851, 0.23280651346066927], [0.027747173421746818, -0.33302041881264377, -0.9425112705007587]], "t_gripper2base": [0.51301, -0.15344, 0.78706]}
{"sample_index": 28, "robot_row_index": 32, "image_path": "/home/laptop4080/project/RO002/phase7_eye_to_hand/outputs/captures/raw_0032.jpg", "R_target2cam": [[-0.5248895554638415, -0.8339565614243881, 0.1703156135595955], [0.8386688281065265, -0.4725525211135201, 0.27079274649015533], [-0.14534631514901314, 0.2849746803603204, 0.9474512548021333]], "t_target2cam": [[0.2226027497169314], [0.01784169864798614], [0.7706922083088396]], "num_corners": 27, "R_gripper2base": [[0.7503988523480528, -0.6159772155894994, 0.23973658934199504], [-0.6604026474521649, -0.7139113884288851, 0.23280651346066927], [0.027747173421746818, -0.33302041881264377, -0.9425112705007587]], "t_gripper2base": [0.5409400000000001, -0.15344999999999998, 0.67295]}
{"sample_index": 29, "robot_row_index": 33, "image_path": "/home/laptop4080/project/RO002/phase7_eye_to_hand/outputs/captures/raw_0033.jpg", "R_target2cam": [[-0.33110312301502526, -0.8931279109978021, 0.3044556725147343], [0.9371145207785652, -0.3489912013754535, -0.0046385675027682816], [0.11039518502025847, 0.28377398746047844, 0.9525152109888444]], "t_target2cam": [[0.2141714467163412], [0.022662809887897983], [0.7582721232626458]], "num_corners": 32, "R_gripper2base": [[0.5358439243372575, -0.8091851521796144, 0.24102007850571722], [-0.8414305218624013, -0.48820733909824354, 0.23162096392377807], [-0.0697564737441253, -0.3269143367040781, -0.9424760213544523]], "t_gripper2base": [0.5409299999999999, -0.15344999999999998, 0.6729700000000001]}
{"sample_index": 30, "robot_row_index": 34, "image_path": "/home/laptop4080/project/RO002/phase7_eye_to_hand/outputs/captures/raw_0034.jpg", "R_target2cam": [[-0.33469755613867436, -0.8955946662006214, 0.2930661013965904], [0.9381618679307756, -0.34589787257309257, 0.01438649749059459], [0.08848647057848574, 0.2797585666649124, 0.9559839375753951]], "t_target2cam": [[0.08327743467139961], [0.07649947630142223], [0.6618630646544666]], "num_corners": 35, "R_gripper2base": [[0.5359907735054751, -0.8090999316004557, 0.24097964935060562], [-0.8413369866395914, -0.48834856111334146, 0.2316630263351088], [-0.0697564737441253, -0.326914336704078, -0.9424760213544524]], "t_gripper2base": [0.5409299999999999, -0.32964, 0.67296]}
{"sample_index": 31, "robot_row_index": 35, "image_path": "/home/laptop4080/project/RO002/phase7_eye_to_hand/outputs/captures/raw_0035.jpg", "R_target2cam": [[-0.33446923185554295, -0.8977476883265008, 0.2866695328185176], [0.9375983648809068, -0.34768251564649694, 0.005116100700081783], [0.0950770167528042, 0.2704920635030675, 0.9580158685884277]], "t_target2cam": [[0.0805990133431514], [-0.016491674149794126], [0.6182315911256894]], "num_corners": 40, "R_gripper2base": [[0.5358439243372575, -0.8091851521796144, 0.24102007850571722], [-0.8414305218624013, -0.48820733909824354, 0.23162096392377807], [-0.0697564737441253, -0.3269143367040781, -0.9424760213544523]], "t_gripper2base": [0.5409400000000001, -0.32964, 0.77683]}
{"sample_index": 32, "robot_row_index": 36, "image_path": "/home/laptop4080/project/RO002/phase7_eye_to_hand/outputs/captures/raw_0036.jpg", "R_target2cam": [[-0.33327230811761, -0.9003062282376124, 0.27996118309245116], [0.9388361815548971, -0.3441966900228626, 0.010736050518037249], [0.08669597940724372, 0.2664157164543218, 0.959951286879053]], "t_target2cam": [[-0.051766600365709445], [-0.07652751408727201], [0.7575455650417205]], "num_corners": 23, "R_gripper2base": [[0.5358439243372576, -0.8091430739158999, 0.24116130428569238], [-0.8414305218624013, -0.48816690617825464, 0.23170616865055302], [-0.0697564737441253, -0.32707882482099015, -0.9424189496845369]], "t_gripper2base": [0.34192, -0.32964, 0.77683]}
{"sample_index": 33, "robot_row_index": 38, "image_path": "/home/laptop4080/project/RO002/phase7_eye_to_hand/outputs/captures/raw_0038.jpg", "R_target2cam": [[-0.2613938449359706, -0.9595338494231214, 0.10472845669079897], [0.9647787240123118, -0.26305420086410447, -0.002121579817750338], [0.029584988131913494, 0.10048521890802735, 0.9944985918834881]], "t_target2cam": [[0.04006647358552401], [-0.11157291364446986], [0.8238068435573932]], "num_corners": 26, "R_gripper2base": [[0.5358439243372575, -0.74167348222207, 0.4034745772901145], [-0.8414305218624013, -0.429611058036585, 0.32776365828299736], [-0.06975647374412527, -0.5151259890369299, -0.8542711804746256]], "t_gripper2base": [0.34192, -0.21631, 0.77683]}
{"sample_index": 34, "robot_row_index": 39, "image_path": "/home/laptop4080/project/RO002/phase7_eye_to_hand/outputs/captures/raw_0039.jpg", "R_target2cam": [[-0.2601480560861828, -0.9595484485052698, 0.10765576568725913], [0.9646603113865172, -0.2631180808065583, -0.014119461333252613], [0.04187448567144484, 0.10017809403159561, 0.9940879623684962]], "t_target2cam": [[0.10497485142008972], [-0.08222386447362165], [0.752538887549917]], "num_corners": 26, "R_gripper2base": [[0.5358439243372575, -0.74167348222207, 0.4034745772901145], [-0.8414305218624013, -0.429611058036585, 0.32776365828299736], [-0.06975647374412527, -0.5151259890369299, -0.8542711804746256]], "t_gripper2base": [0.43972, -0.21631, 0.77683]}
