{"sample_index": 0, "robot_row_index": 0, "image_path": "/home/laptop4080/project/RO002/phase7_eye_to_hand/outputs/samples/images/sample_0000.jpg", "R_target2cam": [[-0.996658614013931, -0.06588437073420624, -0.04827894784259314], [0.08090416313173497, -0.8775553614022519, -0.4726003640097166], [-0.011230471930590291, -0.47492719164848907, 0.8799534300933743]], "t_target2cam": [[0.2671485675748797], [0.01790194365746905], [0.8344207108465054]], "num_corners": 36, "R_gripper2base": [[0.1958628199931528, -0.5612755394757049, 0.8041190984739677], [-0.20289274160315662, -0.8254527206036949, -0.5267469425186191], [0.9594124718540429, -0.05997978688037403, -0.2755542306274762]], "t_gripper2base": [0.34658999999999995, -0.24478999999999998, 0.73626]}
{"sample_index": 1, "robot_row_index": 1, "image_path": "/home/laptop4080/project/RO002/phase7_eye_to_hand/outputs/samples/images/sample_0001.jpg", "R_target2cam": [[-0.9964851785276556, -0.06400852907851912, -0.05403884880260321], [0.08198406176181172, -0.8776610293929893, -0.4722178851990613], [-0.01720181943114393, -0.47498844795430845, 0.8798238867626953]], "t_target2cam": [[0.2234389632968376], [0.03355646882636733], [0.8063423633246388]], "num_corners": 40, "R_gripper2base": [[0.1958628199931528, -0.5612755394757049, 0.8041190984739677], [-0.20289274160315662, -0.8254527206036949, -0.5267469425186191], [0.9594124718540429, -0.05997978688037403, -0.2755542306274762]], "t_gripper2base": [0.34658999999999995, -0.29946, 0.73626]}
{"sample_index": 2, "robot_row_index": 2, "image_path": "/home/laptop4080/project/RO002/phase7_eye_to_hand/outputs/samples/images/sample_0002.jpg", "R_target2cam": [[-0.995924538685799, -0.06830129914897379, -0.05890030371773043], [0.08789627518423265, -0.8813902296984755, -0.4641395348392616], [-0.020212819007158437, -0.46742506942464146, 0.883801587700063]], "t_target2cam": [[0.1470074125138309], [-0.006311624488399173], [0.8955321940638897]], "num_corners": 38, "R_gripper2base": [[0.1958628199931528, -0.5612755394757049, 0.8041190984739677], [-0.20289274160315662, -0.8254527206036949, -0.5267469425186191], [0.9594124718540429, -0.05997978688037403, -0.2755542306274762]], "t_gripper2base": [0.22388, -0.29946, 0.73626]}
{"sample_index": 3, "robot_row_index": 3, "image_path": "/home/laptop4080/project/RO002/phase7_eye_to_hand/outputs/samples/images/sample_0003.jpg", "R_target2cam": [[-0.9461741122506735, -0.08319114526052972, 0.312783923271148], [-0.0748970786880002, -0.8838928862625894, -0.4616533257958754], [0.31487295360296264, -0.460231027816064, 0.8300857932314682]], "t_target2cam": [[0.13166862058099665], [0.010160643011346678], [0.8618276422220381]], "num_corners": 24, "R_gripper2base": [[0.1958628199931527, -0.8174988714620046, 0.5416025765288404], [-0.20289274160315657, -0.5741319631174615, -0.7932257083148806], [0.9594124718540427, 0.04547619251034879, -0.2783156926328034]], "t_gripper2base": [0.22388, -0.29946, 0.73626]}
{"sample_index": 4, "robot_row_index": 4, "image_path": "/home/laptop4080/project/RO002/phase7_eye_to_hand/outputs/samples/images/sample_0004.jpg", "R_target2cam": [[-0.9461952997597429, -0.07519188607538217, 0.31473899501173475], [-0.08111210471483078, -0.8864683867266946, -0.45562553243085674], [0.31326551227561006, -0.4566398795578394, 0.8326732487693483]], "t_target2cam": [[0.2233586690498286], [0.05803360379899733], [0.7562484538316827]], "num_corners": 40, "R_gripper2base": [[0.1958628199931527, -0.8174988714620046, 0.5416025765288404], [-0.20289274160315657, -0.5741319631174615, -0.7932257083148806], [0.9594124718540427, 0.04547619251034879, -0.2783156926328034]], "t_gripper2base": [0.37137, -0.29946, 0.73626]}
{"sample_index": 5, "robot_row_index": 5, "image_path": "/home/laptop4080/project/RO002/phase7_eye_to_hand/outputs/samples/images/sample_0005.jpg", "R_target2cam": [[-0.9452577938661624, -0.08306944237552157, 0.3155743507934313], [-0.07573125878996638, -0.8848116272461346, -0.4597533694625136], [0.3174153108741966, -0.4584842985680832, 0.8300841333197315]], "t_target2cam": [[0.08688441294708985], [0.10750487683456733], [0.6632849760472294]], "num_corners": 40, "R_gripper2base": [[0.1958628199931527, -0.8174988714620046, 0.5416025765288404], [-0.20289274160315657, -0.5741319631174615, -0.7932257083148806], [0.9594124718540427, 0.04547619251034879, -0.2783156926328034]], "t_gripper2base": [0.37137, -0.47208, 0.73626]}
{"sample_index": 6, "robot_row_index": 6, "image_path": "/home/laptop4080/project/RO002/phase7_eye_to_hand/outputs/samples/images/sample_0006.jpg", "R_target2cam": [[-0.9902648519201235, -0.13635453592735747, 0.027981486444626523], [0.11079128759656157, -0.8937938734739148, -0.43457772875883943], [0.08426632568417716, -0.42724694530508983, 0.9001995523677833]], "t_target2cam": [[0.10062290314692489], [0.08778727512698167], [0.6846187810932819]], "num_corners": 40, "R_gripper2base": [[0.23714736515545282, -0.6291935385011842, 0.7401868806647313], [-0.26365632189488314, -0.7750094700745761, -0.5743219177600541], [0.9350114818143614, -0.05895602092308638, -0.3496823079199583]], "t_gripper2base": [0.37137, -0.47208, 0.73626]}
{"sample_index": 7, "robot_row_index": 7, "image_path": "/home/laptop4080/project/RO002/phase7_eye_to_hand/outputs/samples/images/sample_0007.jpg", "R_target2cam": [[-0.990754930095974, -0.13232677776515808, 0.029904721647459116], [0.10636625337262864, -0.894510952535374, -0.43420775665311134], [0.08420741436471799, -0.4270126223901915, 0.9003162398210199]], "t_target2cam": [[0.22495460349012203], [0.04283923717115858], [0.7689075568779564]], "num_corners": 40, "R_gripper2base": [[0.2371473651554528, -0.6293227158988396, 0.7400770544028068], [-0.2636563218948832, -0.774909220186703, -0.5744571736818139], [0.9350114818143616, -0.05889498894935297, -0.34969259236072975]], "t_gripper2base": [0.37137, -0.31486000000000003, 0.73626]}
{"sample_index": 8, "robot_row_index": 8, "image_path": "/home/laptop4080/project/RO002/phase7_eye_to_hand/outputs/samples/images/sample_0008.jpg", "R_target2cam": [[-0.9905769977721498, -0.1331391010668686, 0.03211216672572081], [0.1061096950941487, -0.8943142434884879, -0.43467547262370393], [0.0865906697730254, -0.4271721124567002, 0.9000144677990117]], "t_target2cam": [[0.22950765136512616], [0.16181071536523828], [0.8262220076514082]], "num_corners": 36, "R_gripper2base": [[0.23714736515545282, -0.6291935385011842, 0.7401868806647313], [-0.26365632189488314, -0.7750094700745761, -0.5743219177600541], [0.9350114818143614, -0.05895602092308638, -0.3496823079199583]], "t_gripper2base": [0.37137, -0.31486000000000003, 0.60396]}
{"sample_index": 9, "robot_row_index": 9, "image_path": "/home/laptop4080/project/RO002/phase7_eye_to_hand/outputs/samples/images/sample_0009.jpg", "R_target2cam": [[-0.9901133636689373, -0.13725422208017662, 0.02892759245682742], [0.1113171353868887, -0.8943373999847781, -0.43332333234863324], [0.08534648471635979, -0.4258190854220047, 0.9007741581755819]], "t_target2cam": [[0.12688811043518833], [0.19907159099632774], [0.7567799629071609]], "num_corners": 40, "R_gripper2base": [[0.23714736515545282, -0.6291935385011842, 0.7401868806647313], [-0.26365632189488314, -0.7750094700745761, -0.5743219177600541], [0.9350114818143614, -0.05895602092308638, -0.3496823079199583]], "t_gripper2base": [0.37137, -0.44512999999999997, 0.60396]}
{"sample_index": 10, "robot_row_index": 10, "image_path": "/home/laptop4080/project/RO002/phase7_eye_to_hand/outputs/samples/images/sample_0010.jpg", "R_target2cam": [[-0.9916621883765345, 0.11362647918709202, 0.060787559350643526], [-0.12417075576609297, -0.7163931644454055, -0.6865584151027322], [-0.03446342346227307, -0.6883820575548463, 0.7245290989876231]], "t_target2cam": [[0.12250427846099839], [0.2283682607717512], [0.7755558862013557]], "num_corners": 13, "R_gripper2base": [[-0.07571707198515756, -0.6292530417599015, 0.7735034159238768], [-0.014361644266887574, -0.77496159787501, -0.6318451273792989], [0.9970259114907424, -0.058950243891970566, 0.04964071475242223]], "t_gripper2base": [0.37137, -0.44512999999999997, 0.60397]}
{"sample_index": 11, "robot_row_index": 11, "image_path": "/home/laptop4080/project/RO002/phase7_eye_to_hand/outputs/samples/images/sample_0011.jpg", "R_target2cam": [[-0.9840477819440648, -0.17563484136866608, 0.028326054232276257], [0.15015938206699025, -0.9053709336362893, -0.39718463276392446], [0.09540504613607188, -0.3865952340936931, 0.91730147833077]], "t_target2cam": [[0.1266475409701102], [0.19392161691351265], [0.7546827924376687]], "num_corners": 31, "R_gripper2base": [[0.27703046543162424, -0.6294874292785035, 0.7259474482378726], [-0.30084655759416457, -0.7743548677171834, -0.556655986787571], [0.9125488863652614, -0.06418812369157109, -0.40389901556017294]], "t_gripper2base": [0.37137, -0.44512999999999997, 0.60396]}
{"sample_index": 12, "robot_row_index": 12, "image_path": "/home/laptop4080/project/RO002/phase7_eye_to_hand/outputs/samples/images/sample_0012.jpg", "R_target2cam": [[-0.9848395140688329, -0.17092120652476955, 0.029615413027380875], [0.14532747120647804, -0.9061809690990194, -0.397134709331094], [0.09471566734915396, -0.3868100210734971, 0.9172823719857074]], "t_target2cam": [[0.25752611284825805], [0.14651462089363831], [0.8434905940804361]], "num_corners": 34, "R_gripper2base": [[0.27703046543162424, -0.6294874292785035, 0.7259474482378726], [-0.30084655759416457, -0.7743548677171834, -0.556655986787571], [0.9125488863652614, -0.06418812369157109, -0.40389901556017294]], "t_gripper2base": [0.37137, -0.27916, 0.60396]}
{"sample_index": 13, "robot_row_index": 13, "image_path": "/home/laptop4080/project/RO002/phase7_eye_to_hand/outputs/samples/images/sample_0013.jpg", "R_target2cam": [[-0.9365032858823893, -0.3500369506670543, 0.020874115530919196], [0.2859351417266939, -0.7967506858466455, -0.5323809156315011], [0.20298445816668692, -0.49260783364722305, 0.8462475004229947]], "t_target2cam": [[0.2492703490051394], [-0.034932078990136124], [0.7533756919562362]], "num_corners": 40, "R_gripper2base": [[0.12191470897427101, -0.676801513714984, 0.7260003545238978], [-0.4737964024471502, -0.6824214828559559, -0.5566128715407292], [0.8721546725001574, -0.27611705990355706, -0.4038633388491193]], "t_gripper2base": [0.37137, -0.27916, 0.79247]}
{"sample_index": 14, "robot_row_index": 14, "image_path": "/home/laptop4080/project/RO002/phase7_eye_to_hand/outputs/samples/images/sample_0014.jpg", "R_target2cam": [[-0.9565680631977913, 0.16857349028503563, 0.23782455475233696], [-0.21801500578560287, -0.9552798054809845, -0.19977474938669285], [0.1935122676274811, -0.2429474667769421, 0.950541703800699]], "t_target2cam": [[0.1752813881503611], [-0.03328211239689799], [0.8815407961207526]], "num_corners": 35, "R_gripper2base": [[0.46947156278589086, -0.6561579348008325, 0.5908072581927879], [0.0, -0.6691306063588581, -0.7431448254773941], [0.8829475928589268, 0.3488853625931204, -0.31413779147516385]], "t_gripper2base": [0.21953, -0.24381999999999998, 0.7751]}
{"sample_index": 15, "robot_row_index": 15, "image_path": "/home/laptop4080/project/RO002/phase7_eye_to_hand/outputs/samples/images/sample_0015.jpg", "R_target2cam": [[-0.958055746402201, 0.17322654224620518, 0.22830188752427152], [-0.2230570504287578, -0.9509045518023052, -0.21453690968148037], [0.17992981698357843, -0.25646266477419427, 0.9496589717036186]], "t_target2cam": [[0.2755172145712912], [0.01832984255825275], [0.7695788560476399]], "num_corners": 40, "R_gripper2base": [[0.46947156278589086, -0.6561579348008325, 0.5908072581927879], [0.0, -0.6691306063588581, -0.7431448254773941], [0.8829475928589268, 0.3488853625931204, -0.31413779147516385]], "t_gripper2base": [0.38032, -0.24381999999999998, 0.77511]}
{"sample_index": 16, "robot_row_index": 16, "image_path": "/home/laptop4080/project/RO002/phase7_eye_to_hand/outputs/samples/images/sample_0016.jpg", "R_target2cam": [[-0.9853117484425755, 0.08572694422580607, -0.147687675229656], [-0.05633881973492572, -0.9796261922995342, -0.19276529965632194], [-0.16120389502710644, -0.1816133651315937, 0.9700669512119607]], "t_target2cam": [[0.289911974084698], [0.0019606838069236928], [0.8015969633568513]], "num_corners": 38, "R_gripper2base": [[0.46947156278589086, -0.3824816152214376, 0.7958041629402132], [0.0, -0.9013039611597456, -0.43318722233896917], [0.8829475928589269, 0.20336908225035505, -0.4231365791907796]], "t_gripper2base": [0.38032, -0.24381999999999998, 0.77511]}
{"sample_index": 17, "robot_row_index": 17, "image_path": "/home/laptop4080/project/RO002/phase7_eye_to_hand/outputs/samples/images/sample_0017.jpg", "R_target2cam": [[-0.6750841614935952, -0.6613005985649705, -0.3270212427933411], [0.7233632038518829, -0.680429407706888, -0.11730940474144891], [-0.144938090968623, -0.3157488550498095, 0.9377076358445133]], "t_target2cam": [[0.2747709041237097], [-0.08438469736633322], [0.8038545162866478]], "num_corners": 27, "R_gripper2base": [[0.46952504940284007, -0.3824756347188541, 0.7957754814202751], [-0.6735492962374885, -0.7379051320044585, 0.04274765139123965], [0.5708568765647348, -0.5560651086050019, -0.6040811381518734]], "t_gripper2base": [0.38032, -0.24381999999999998, 0.7751]}
{"sample_index": 18, "robot_row_index": 18, "image_path": "/home/laptop4080/project/RO002/phase7_eye_to_hand/outputs/samples/images/sample_0018.jpg", "R_target2cam": [[-0.782553423190333, -0.6224847779351784, 0.011083370068853335], [0.612888413663007, -0.773374669294183, -0.16204756490535738], [0.1094437401167123, -0.12001800753680553, 0.9867207029429153]], "t_target2cam": [[0.1116903118889575], [-0.0722430832075901], [0.7890058329105911]], "num_corners": 31, "R_gripper2base": [[0.4695250494028397, -0.6393900563120474, 0.6088732083714452], [-0.6735492962374883, -0.7052634407089754, -0.2212121713136987], [0.5708568765647346, -0.30624146533187474, -0.761799574291126]], "t_gripper2base": [0.26941000000000004, -0.36263999999999996, 0.7751]}
{"sample_index": 19, "robot_row_index": 19, "image_path": "/home/laptop4080/project/RO002/phase7_eye_to_hand/outputs/samples/images/sample_0019.jpg", "R_target2cam": [[-0.12177155133318647, -0.9869479268536882, -0.10538253633840874], [0.9924027429184915, -0.12294307532165306, 0.004668627026097397], [-0.017563744867299752, -0.10401341216238053, 0.9944207987349094]], "t_target2cam": [[0.051889225819825385], [-0.12534121844396748], [0.804865348462872]], "num_corners": 29, "R_gripper2base": [[0.4694575407528316, -0.6393623342736017, 0.6089543685223997], [-0.8795852918360159, -0.2784473776239635, 0.3857418466799894], [-0.07706706051260898, -0.7167167246594355, -0.6930929265094231]], "t_gripper2base": [0.26941000000000004, -0.36263999999999996, 0.7751]}
{"sample_index": 20, "robot_row_index": 20, "image_path": "/home/laptop4080/project/RO002/phase7_eye_to_hand/outputs/samples/images/sample_0020.jpg", "R_target2cam": [[0.0014578199656431132, -0.9447053672852412, -0.3279171294449334], [0.99950681402146, -0.008909864445980627, 0.03011217428590246], [-0.031368829841390056, -0.32779930344345104, 0.944226462865964]], "t_target2cam": [[0.17411351374337156], [-0.1252932264933755], [0.792968286398875]], "num_corners": 28, "R_gripper2base": [[0.46945754075283164, -0.4435498712715301, 0.7634612820080089], [-0.879585291836016, -0.1594598355066201, 0.4482212347111104], [-0.07706706051260892, -0.881950153101189, -0.46499956519198515]], "t_gripper2base": [0.36008, -0.27282999999999996, 0.7751]}
{"sample_index": 21, "robot_row_index": 21, "image_path": "/home/laptop4080/project/RO002/phase7_eye_to_hand/outputs/samples/images/sample_0021.jpg", "R_target2cam": [[-0.017686938911282722, -0.9596781598122308, -0.2805441173351509], [0.9710636813774904, 0.050348889397895495, -0.23345302749374308], [0.2381648565627273, -0.276555272804206, 0.9310180890738089]], "t_target2cam": [[0.1698181859486635], [-0.09127254285686745], [0.7667073217524228]], "num_corners": 40, "R_gripper2base": [[0.21356647513803856, -0.554954579451839, 0.8039992384589343], [-0.9705483181428399, -0.026622417990160685, 0.2394310109623688], [-0.11146893220632542, -0.8314545457244129, -0.5442958897024595]], "t_gripper2base": [0.36358999999999997, -0.28246, 0.75297]}
{"sample_index": 22, "robot_row_index": 22, "image_path": "/home/laptop4080/project/RO002/phase7_eye_to_hand/outputs/samples/images/sample_0022.jpg", "R_target2cam": [[-0.43761407702733934, 0.8811228681468386, 0.17921052094170892], [-0.8692899450670677, -0.36363951164607217, -0.33481531771276596], [-0.22984540672548615, -0.30230580014034625, 0.9250850189083708]], "t_target2cam": [[0.17258208150977858], [0.10578992881326253], [0.8120040836780774]], "num_corners": 38, "R_gripper2base": [[0.21356628672707634, -0.5548843962196655, 0.8040477274425603], [0.8163878689362694, -0.3506711776729445, -0.4588470034806449], [0.5365634059710976, 0.7544090614390893, 0.37810934845793953]], "t_gripper2base": [0.36358999999999997, -0.28246, 0.75297]}
{"sample_index": 23, "robot_row_index": 23, "image_path": "/home/laptop4080/project/RO002/phase7_eye_to_hand/outputs/samples/images/sample_0023.jpg", "R_target2cam": [[-0.43819446726909883, 0.8821428975333091, 0.17265432860570984], [-0.8702572400990017, -0.36825639205145144, -0.3271690171280223], [-0.225028764628034, -0.29361733267091955, 0.9290591569137004]], "t_target2cam": [[0.07963146357408438], [0.139471476768482], [0.7496161666669408]], "num_corners": 40, "R_gripper2base": [[0.21356628672707634, -0.5548843962196655, 0.8040477274425603], [0.8163878689362694, -0.3506711776729445, -0.4588470034806449], [0.5365634059710976, 0.7544090614390893, 0.37810934845793953]], "t_gripper2base": [0.36358999999999997, -0.39970999999999995, 0.75297]}
{"sample_index": 24, "robot_row_index": 24, "image_path": "/home/laptop4080/project/RO002/phase7_eye_to_hand/outputs/samples/images/sample_0024.jpg", "R_target2cam": [[-0.4394846981215369, 0.8796185578342995, 0.1820010792015484], [-0.8719912929912778, -0.36915459503258863, -0.3214903885246414], [-0.21560237722349207, -0.2999934627284938, 0.9292575193431293]], "t_target2cam": [[0.08752496137410672], [0.3286502393413619], [0.839333352747621]], "num_corners": 31, "R_gripper2base": [[0.21356628672707634, -0.5548843962196655, 0.8040477274425603], [0.8163878689362694, -0.3506711776729445, -0.4588470034806449], [0.5365634059710976, 0.7544090614390893, 0.37810934845793953]], "t_gripper2base": [0.36358999999999997, -0.39970999999999995, 0.54255]}
{"sample_index": 25, "robot_row_index": 25, "image_path": "/home/laptop4080/project/RO002/phase7_eye_to_hand/outputs/samples/images/sample_0025.jpg", "R_target2cam": [[-0.9325031723437243, -0.3395390017374805, -0.12308980407818433], [0.3573194465330712, -0.8177653741193098, -0.45120129213113386], [0.05254185663059756, -0.4647290169449508, 0.8838926937763366]], "t_target2cam": [[0.16449714057963571], [0.21318903828391517], [0.8159671192399779]], "num_corners": 23, "R_gripper2base": [[0.21357146950157985, -0.555036424891997, 0.8039414123293104], [-0.4645512321425178, -0.7816327170525676, -0.41622403624477183], [0.8594064115014527, -0.2845783946053024, -0.42477730305898476]], "t_gripper2base": [0.36358999999999997, -0.39970999999999995, 0.54255]}
{"sample_index": 26, "robot_row_index": 26, "image_path": "/home/laptop4080/project/RO002/phase7_eye_to_hand/outputs/samples/images/sample_0026.jpg", "R_target2cam": [[-0.9297886315778097, -0.34453018847829503, -0.12958414183755093], [0.3646049866509516, -0.813664243495591, -0.45278438860677045], [0.05055990800944395, -0.46824080138733964, 0.882153188294538]], "t_target2cam": [[0.0476356925323742], [0.1510473708705322], [0.9507159011594135]], "num_corners": 20, "R_gripper2base": [[0.21357146950157985, -0.555036424891997, 0.8039414123293104], [-0.4645512321425178, -0.7816327170525676, -0.41622403624477183], [0.8594064115014527, -0.2845783946053024, -0.42477730305898476]], "t_gripper2base": [0.17369, -0.39970999999999995, 0.54255]}
{"sample_index": 27, "robot_row_index": 27, "image_path": "/home/laptop4080/project/RO002/phase7_eye_to_hand/outputs/samples/images/sample_0027.jpg", "R_target2cam": [[-0.9290145990554685, -0.34578408118736853, -0.1317772512204385], [0.3671655332322404, -0.817036095127737, -0.4445688815748401], [0.04605807147603821, -0.4613950459810193, 0.8859984568813208]], "t_target2cam": [[-0.026363010922323526], [0.17873013997625595], [0.9019220390032276]], "num_corners": 22, "R_gripper2base": [[0.21357146950157985, -0.555036424891997, 0.8039414123293104], [-0.4645512321425178, -0.7816327170525676, -0.41622403624477183], [0.8594064115014527, -0.2845783946053024, -0.42477730305898476]], "t_gripper2base": [0.17369, -0.49351, 0.54255]}
{"sample_index": 28, "robot_row_index": 28, "image_path": "/home/laptop4080/project/RO002/phase7_eye_to_hand/outputs/samples/images/sample_0028.jpg", "R_target2cam": [[-0.8866917339835605, -0.34364786394264013, 0.3093281663426198], [0.18205941989519822, -0.874470454328765, -0.44961738415397934], [0.425008395814307, -0.3423559114630619, 0.8379500542237854]], "t_target2cam": [[-0.04462121311424973], [0.19854140298468043], [0.8642341181247929]], "num_corners": 7, "R_gripper2base": [[0.21357146950157996, -0.8507858003938839, 0.4801570048047554], [-0.4645512321425177, -0.5208165126154422, -0.7161999112691634], [0.8594064115014526, -0.07009766069725354, -0.5064651398023051]], "t_gripper2base": [0.17369, -0.49351, 0.54255]}
{"sample_index": 29, "robot_row_index": 29, "image_path": "/home/laptop4080/project/RO002/phase7_eye_to_hand/outputs/samples/images/sample_0029.jpg", "R_target2cam": [[-0.8873081597931456, -0.3419647530294094, 0.309425818654547], [0.1840754769516773, -0.8777978996426803, -0.44225226530557354], [0.42284802039209557, -0.3354563385426395, 0.8418245640167858]], "t_target2cam": [[0.0001668436932719034], [0.18201961838911873], [0.8912893064332724]], "num_corners": 8, "R_gripper2base": [[0.21357146950157996, -0.8507858003938839, 0.4801570048047554], [-0.4645512321425177, -0.5208165126154422, -0.7161999112691634], [0.8594064115014526, -0.07009766069725354, -0.5064651398023051]], "t_gripper2base": [0.17369, -0.4373, 0.54255]}
{"sample_index": 30, "robot_row_index": 30, "image_path": "/home/laptop4080/project/RO002/phase7_eye_to_hand/outputs/samples/images/sample_0030.jpg", "R_target2cam": [[-0.8848075177081532, -0.3456187847785417, 0.31251129934026417], [0.1849978385733696, -0.8761296212006635, -0.445165909047361], [0.4276581068216965, -0.33607222804478487, 0.8391448034795286]], "t_target2cam": [[0.0022848177703201716], [0.22898995867816646], [0.9148651163884082]], "num_corners": 10, "R_gripper2base": [[0.21357146950157996, -0.8507858003938839, 0.4801570048047554], [-0.4645512321425177, -0.5208165126154422, -0.7161999112691634], [0.8594064115014526, -0.07009766069725354, -0.5064651398023051]], "t_gripper2base": [0.17369, -0.4373, 0.48928]}
{"sample_index": 31, "robot_row_index": 31, "image_path": "/home/laptop4080/project/RO002/phase7_eye_to_hand/outputs/samples/images/sample_0031.jpg", "R_target2cam": [[-0.9304695903004012, -0.35442299130234256, 0.0927937754512833], [0.27465243554078766, -0.8424178528707281, -0.463571138894761], [0.24247140280395346, -0.40585281125177874, 0.8811873321952096]], "t_target2cam": [[0.013692812812891598], [0.22014014472311114], [0.9344611357609894]], "num_corners": 16, "R_gripper2base": [[0.21357146950158, -0.7213134671666286, 0.6588581861819679], [-0.4645512321425178, -0.6682738064333067, -0.5810355172878916], [0.8594064115014527, -0.18198077293823184, -0.47781127880262453]], "t_gripper2base": [0.17369, -0.4373, 0.48928]}
